 	Label	Area	%Area
1	20190123-045-10X_crop.jpg	16454.019	0
2	20190123-045-10X_crop.jpg	2777.784	0
3	20190123-045-10X_crop.jpg	15.837	0
4	20190123-045-10X_crop.jpg	0.060	0
5	20190123-045-10X_crop.jpg	0.247	0
6	20190123-045-10X_crop.jpg	1.675	0
7	20190123-045-10X_crop.jpg	0.184	0
8	20190123-045-10X_crop.jpg	2.530	0
9	20190123-045-10X_crop.jpg	8.316	0
10	20190123-045-10X_crop.jpg	0.012	0
11	20190123-045-10X_crop.jpg	8.134	0
12	20190123-045-10X_crop.jpg	1.466	0
13	20190123-045-10X_crop.jpg	0.175	0
14	20190123-045-10X_crop.jpg	8.577	0
15	20190123-045-10X_crop.jpg	0.010	0
16	20190123-045-10X_crop.jpg	2.552	0
17	20190123-045-10X_crop.jpg	0.014	0
18	20190123-045-10X_crop.jpg	0.012	0
19	20190123-045-10X_crop.jpg	0.189	0
20	20190123-045-10X_crop.jpg	0.010	0
21	20190123-045-10X_crop.jpg	4.337	0
22	20190123-045-10X_crop.jpg	0.002	0
23	20190123-045-10X_crop.jpg	0.026	0
24	20190123-045-10X_crop.jpg	2.916	0
25	20190123-045-10X_crop.jpg	2.063	0
26	20190123-045-10X_crop.jpg	0.014	0
27	20190123-045-10X_crop.jpg	0.005	0
28	20190123-045-10X_crop.jpg	0.002	0
29	20190123-045-10X_crop.jpg	0.055	0
30	20190123-045-10X_crop.jpg	0.108	0
31	20190123-045-10X_crop.jpg	14.332	0
32	20190123-045-10X_crop.jpg	0.005	0
33	20190123-045-10X_crop.jpg	0.086	0
34	20190123-045-10X_crop.jpg	0.017	0
35	20190123-045-10X_crop.jpg	0.048	0
36	20190123-045-10X_crop.jpg	0.074	0
37	20190123-045-10X_crop.jpg	0.223	0
38	20190123-045-10X_crop.jpg	0.002	0
39	20190123-045-10X_crop.jpg	0.029	0
40	20190123-045-10X_crop.jpg	0.036	0
41	20190123-045-10X_crop.jpg	0.170	0
42	20190123-045-10X_crop.jpg	0.005	0
43	20190123-045-10X_crop.jpg	0.364	0
44	20190123-045-10X_crop.jpg	0.034	0
45	20190123-045-10X_crop.jpg	0.067	0
46	20190123-045-10X_crop.jpg	0.005	0
47	20190123-045-10X_crop.jpg	0.055	0
48	20190123-045-10X_crop.jpg	0.084	0
49	20190123-045-10X_crop.jpg	0.074	0
50	20190123-045-10X_crop.jpg	0.086	0
51	20190123-045-10X_crop.jpg	0.108	0
52	20190123-045-10X_crop.jpg	0.002	0
53	20190123-045-10X_crop.jpg	0.005	0
54	20190123-045-10X_crop.jpg	0.050	0
55	20190123-045-10X_crop.jpg	0.007	0
56	20190123-045-10X_crop.jpg	0.010	0
57	20190123-045-10X_crop.jpg	7.025	0
58	20190123-045-10X_crop.jpg	16.726	0
59	20190123-045-10X_crop.jpg	0.055	0
60	20190123-045-10X_crop.jpg	0.036	0
61	20190123-045-10X_crop.jpg	7.185	0
62	20190123-045-10X_crop.jpg	0.175	0
63	20190123-045-10X_crop.jpg	0.060	0
64	20190123-045-10X_crop.jpg	0.050	0
65	20190123-045-10X_crop.jpg	0.014	0
66	20190123-045-10X_crop.jpg	0.041	0
67	20190123-045-10X_crop.jpg	0.067	0
68	20190123-045-10X_crop.jpg	0.029	0
69	20190123-045-10X_crop.jpg	0.026	0
70	20190123-045-10X_crop.jpg	0.053	0
71	20190123-045-10X_crop.jpg	0.002	0
72	20190123-045-10X_crop.jpg	0.113	0
73	20190123-045-10X_crop.jpg	0.002	0
74	20190123-045-10X_crop.jpg	0.077	0
75	20190123-045-10X_crop.jpg	0.002	0
76	20190123-045-10X_crop.jpg	0.005	0
77	20190123-045-10X_crop.jpg	0.022	0
78	20190123-045-10X_crop.jpg	0.079	0
79	20190123-045-10X_crop.jpg	0.007	0
80	20190123-045-10X_crop.jpg	0.067	0
81	20190123-045-10X_crop.jpg	0.002	0
82	20190123-045-10X_crop.jpg	0.086	0
83	20190123-045-10X_crop.jpg	0.031	0
84	20190123-045-10X_crop.jpg	0.055	0
85	20190123-045-10X_crop.jpg	0.010	0
86	20190123-045-10X_crop.jpg	0.005	0
87	20190123-045-10X_crop.jpg	0.010	0
88	20190123-045-10X_crop.jpg	0.125	0
89	20190123-045-10X_crop.jpg	0.187	0
90	20190123-045-10X_crop.jpg	0.017	0
91	20190123-045-10X_crop.jpg	0.002	0
92	20190123-045-10X_crop.jpg	0.098	0
93	20190123-045-10X_crop.jpg	0.072	0
94	20190123-045-10X_crop.jpg	0.007	0
95	20190123-045-10X_crop.jpg	2.628	0
96	20190123-045-10X_crop.jpg	0.002	0
97	20190123-045-10X_crop.jpg	0.014	0
98	20190123-045-10X_crop.jpg	0.041	0
99	20190123-045-10X_crop.jpg	0.034	0
100	20190123-045-10X_crop.jpg	0.031	0
101	20190123-045-10X_crop.jpg	0.012	0
102	20190123-045-10X_crop.jpg	0.211	0
103	20190123-045-10X_crop.jpg	0.254	0
104	20190123-045-10X_crop.jpg	0.010	0
105	20190123-045-10X_crop.jpg	0.002	0
106	20190123-045-10X_crop.jpg	0.105	0
107	20190123-045-10X_crop.jpg	0.048	0
108	20190123-045-10X_crop.jpg	0.125	0
109	20190123-045-10X_crop.jpg	0.007	0
110	20190123-045-10X_crop.jpg	0.005	0
111	20190123-045-10X_crop.jpg	0.002	0
112	20190123-045-10X_crop.jpg	1.145	0
113	20190123-045-10X_crop.jpg	1.943	0
114	20190123-045-10X_crop.jpg	3.187	0
115	20190123-045-10X_crop.jpg	0.077	0
116	20190123-045-10X_crop.jpg	6.419	0
117	20190123-045-10X_crop.jpg	0.029	0
118	20190123-045-10X_crop.jpg	0.002	0
119	20190123-045-10X_crop.jpg	27.088	0
120	20190123-045-10X_crop.jpg	0.942	0
121	20190123-045-10X_crop.jpg	0.343	0
122	20190123-045-10X_crop.jpg	0.036	0
123	20190123-045-10X_crop.jpg	0.002	0
124	20190123-045-10X_crop.jpg	0.002	0
125	20190123-045-10X_crop.jpg	0.002	0
126	20190123-045-10X_crop.jpg	0.012	0
127	20190123-045-10X_crop.jpg	3.258	0
128	20190123-045-10X_crop.jpg	0.005	0
129	20190123-045-10X_crop.jpg	0.002	0
130	20190123-045-10X_crop.jpg	0.031	0
131	20190123-045-10X_crop.jpg	0.026	0
132	20190123-045-10X_crop.jpg	0.093	0
133	20190123-045-10X_crop.jpg	0.074	0
134	20190123-045-10X_crop.jpg	0.079	0
135	20190123-045-10X_crop.jpg	0.048	0
136	20190123-045-10X_crop.jpg	0.002	0
137	20190123-045-10X_crop.jpg	0.002	0
138	20190123-045-10X_crop.jpg	0.137	0
139	20190123-045-10X_crop.jpg	0.007	0
140	20190123-045-10X_crop.jpg	0.158	0
141	20190123-045-10X_crop.jpg	0.122	0
142	20190123-045-10X_crop.jpg	0.079	0
143	20190123-045-10X_crop.jpg	0.211	0
144	20190123-045-10X_crop.jpg	0.007	0
145	20190123-045-10X_crop.jpg	0.036	0
146	20190123-045-10X_crop.jpg	0.014	0
147	20190123-045-10X_crop.jpg	1.759	0
148	20190123-045-10X_crop.jpg	0.014	0
149	20190123-045-10X_crop.jpg	0.038	0
150	20190123-045-10X_crop.jpg	0.168	0
151	20190123-045-10X_crop.jpg	0.546	0
152	20190123-045-10X_crop.jpg	0.007	0
153	20190123-045-10X_crop.jpg	0.014	0
154	20190123-045-10X_crop.jpg	0.934	0
155	20190123-045-10X_crop.jpg	0.002	0
156	20190123-045-10X_crop.jpg	0.184	0
157	20190123-045-10X_crop.jpg	0.005	0
158	20190123-045-10X_crop.jpg	1.675	0
159	20190123-045-10X_crop.jpg	0.165	0
160	20190123-045-10X_crop.jpg	0.024	0
161	20190123-045-10X_crop.jpg	0.019	0
162	20190123-045-10X_crop.jpg	0.156	0
163	20190123-045-10X_crop.jpg	0.014	0
164	20190123-045-10X_crop.jpg	0.002	0
165	20190123-045-10X_crop.jpg	0.014	0
166	20190123-045-10X_crop.jpg	0.173	0
167	20190123-045-10X_crop.jpg	0.010	0
168	20190123-045-10X_crop.jpg	0.079	0
169	20190123-045-10X_crop.jpg	1.608	0
170	20190123-045-10X_crop.jpg	0.129	0
171	20190123-045-10X_crop.jpg	0.002	0
172	20190123-045-10X_crop.jpg	6.464	0
173	20190123-045-10X_crop.jpg	0.029	0
174	20190123-045-10X_crop.jpg	0.012	0
175	20190123-045-10X_crop.jpg	13.319	0
176	20190123-045-10X_crop.jpg	0.067	0
177	20190123-045-10X_crop.jpg	0.122	0
178	20190123-045-10X_crop.jpg	0.034	0
179	20190123-045-10X_crop.jpg	0.058	0
180	20190123-045-10X_crop.jpg	0.060	0
181	20190123-045-10X_crop.jpg	0.664	0
182	20190123-045-10X_crop.jpg	13.053	0
183	20190123-045-10X_crop.jpg	20.224	0
184	20190123-045-10X_crop.jpg	0.141	0
185	20190123-045-10X_crop.jpg	0.079	0
186	20190123-045-10X_crop.jpg	0.012	0
187	20190123-045-10X_crop.jpg	0.034	0
188	20190123-045-10X_crop.jpg	0.002	0
189	20190123-045-10X_crop.jpg	0.036	0
190	20190123-045-10X_crop.jpg	1.088	0
191	20190123-045-10X_crop.jpg	0.055	0
192	20190123-045-10X_crop.jpg	0.072	0
193	20190123-045-10X_crop.jpg	0.093	0
194	20190123-045-10X_crop.jpg	0.129	0
195	20190123-045-10X_crop.jpg	0.369	0
196	20190123-045-10X_crop.jpg	0.002	0
197	20190123-045-10X_crop.jpg	0.017	0
198	20190123-045-10X_crop.jpg	0.002	0
199	20190123-045-10X_crop.jpg	0.077	0
200	20190123-045-10X_crop.jpg	0.048	0
201	20190123-045-10X_crop.jpg	0.005	0
202	20190123-045-10X_crop.jpg	0.055	0
203	20190123-045-10X_crop.jpg	0.098	0
204	20190123-045-10X_crop.jpg	0.010	0
205	20190123-045-10X_crop.jpg	0.510	0
206	20190123-045-10X_crop.jpg	0.014	0
207	20190123-045-10X_crop.jpg	0.024	0
208	20190123-045-10X_crop.jpg	0.189	0
209	20190123-045-10X_crop.jpg	0.165	0
210	20190123-045-10X_crop.jpg	0.086	0
211	20190123-045-10X_crop.jpg	0.134	0
212	20190123-045-10X_crop.jpg	0.364	0
213	20190123-045-10X_crop.jpg	0.031	0
214	20190123-045-10X_crop.jpg	0.002	0
215	20190123-045-10X_crop.jpg	0.113	0
216	20190123-045-10X_crop.jpg	0.019	0
217	20190123-045-10X_crop.jpg	0.050	0
218	20190123-045-10X_crop.jpg	0.038	0
219	20190123-045-10X_crop.jpg	0.005	0
220	20190123-045-10X_crop.jpg	0.002	0
221	20190123-045-10X_crop.jpg	0.019	0
222	20190123-045-10X_crop.jpg	0.005	0
223	20190123-045-10X_crop.jpg	0.014	0
224	20190123-045-10X_crop.jpg	0.105	0
225	20190123-045-10X_crop.jpg	0.031	0
226	20190123-045-10X_crop.jpg	0.010	0
227	20190123-045-10X_crop.jpg	0.098	0
228	20190123-045-10X_crop.jpg	6.349	0
229	20190123-045-10X_crop.jpg	1.833	0
230	20190123-045-10X_crop.jpg	0.036	0
231	20190123-045-10X_crop.jpg	0.058	0
232	20190123-045-10X_crop.jpg	1.275	0
233	20190123-045-10X_crop.jpg	0.175	0
234	20190123-045-10X_crop.jpg	0.002	0
235	20190123-045-10X_crop.jpg	0.036	0
236	20190123-045-10X_crop.jpg	3.184	0
237	20190123-045-10X_crop.jpg	0.031	0
238	20190123-045-10X_crop.jpg	0.012	0
239	20190123-045-10X_crop.jpg	0.589	0
240	20190123-045-10X_crop.jpg	0.117	0
241	20190123-045-10X_crop.jpg	0.264	0
242	20190123-045-10X_crop.jpg	0.065	0
243	20190123-045-10X_crop.jpg	0.017	0
244	20190123-045-10X_crop.jpg	0.060	0
245	20190123-045-10X_crop.jpg	0.041	0
246	20190123-045-10X_crop.jpg	0.031	0
247	20190123-045-10X_crop.jpg	0.002	0
248	20190123-045-10X_crop.jpg	0.436	0
249	20190123-045-10X_crop.jpg	0.398	0
250	20190123-045-10X_crop.jpg	0.058	0
251	20190123-045-10X_crop.jpg	0.007	0
252	20190123-045-10X_crop.jpg	3.361	0
253	20190123-045-10X_crop.jpg	1.097	0
254	20190123-045-10X_crop.jpg	0.053	0
255	20190123-045-10X_crop.jpg	5.489	0
256	20190123-045-10X_crop.jpg	0.093	0
257	20190123-045-10X_crop.jpg	0.007	0
258	20190123-045-10X_crop.jpg	0.086	0
259	20190123-045-10X_crop.jpg	0.019	0
260	20190123-045-10X_crop.jpg	0.196	0
261	20190123-045-10X_crop.jpg	5.429	0
262	20190123-045-10X_crop.jpg	0.019	0
263	20190123-045-10X_crop.jpg	0.002	0
264	20190123-045-10X_crop.jpg	0.089	0
265	20190123-045-10X_crop.jpg	0.002	0
266	20190123-045-10X_crop.jpg	0.072	0
267	20190123-045-10X_crop.jpg	0.019	0
268	20190123-045-10X_crop.jpg	0.323	0
269	20190123-045-10X_crop.jpg	0.678	0
270	20190123-045-10X_crop.jpg	0.043	0
271	20190123-045-10X_crop.jpg	0.462	0
272	20190123-045-10X_crop.jpg	0.002	0
273	20190123-045-10X_crop.jpg	0.062	0
274	20190123-045-10X_crop.jpg	0.005	0
275	20190123-045-10X_crop.jpg	0.091	0
276	20190123-045-10X_crop.jpg	0.757	0
277	20190123-045-10X_crop.jpg	0.170	0
278	20190123-045-10X_crop.jpg	14.294	0
279	20190123-045-10X_crop.jpg	0.134	0
280	20190123-045-10X_crop.jpg	0.005	0
281	20190123-045-10X_crop.jpg	0.024	0
282	20190123-045-10X_crop.jpg	0.086	0
283	20190123-045-10X_crop.jpg	0.041	0
284	20190123-045-10X_crop.jpg	17.684	0
285	20190123-045-10X_crop.jpg	0.201	0
286	20190123-045-10X_crop.jpg	0.014	0
287	20190123-045-10X_crop.jpg	0.125	0
288	20190123-045-10X_crop.jpg	0.019	0
289	20190123-045-10X_crop.jpg	0.506	0
290	20190123-045-10X_crop.jpg	0.022	0
291	20190123-045-10X_crop.jpg	1.069	0
292	20190123-045-10X_crop.jpg	0.036	0
293	20190123-045-10X_crop.jpg	0.022	0
294	20190123-045-10X_crop.jpg	0.038	0
295	20190123-045-10X_crop.jpg	0.352	0
296	20190123-045-10X_crop.jpg	0.050	0
297	20190123-045-10X_crop.jpg	0.014	0
298	20190123-045-10X_crop.jpg	8.199	0
299	20190123-045-10X_crop.jpg	0.012	0
300	20190123-045-10X_crop.jpg	0.089	0
301	20190123-045-10X_crop.jpg	0.235	0
302	20190123-045-10X_crop.jpg	0.963	0
303	20190123-045-10X_crop.jpg	0.014	0
304	20190123-045-10X_crop.jpg	0.007	0
305	20190123-045-10X_crop.jpg	0.043	0
306	20190123-045-10X_crop.jpg	0.206	0
307	20190123-045-10X_crop.jpg	0.005	0
308	20190123-045-10X_crop.jpg	0.132	0
309	20190123-045-10X_crop.jpg	0.034	0
310	20190123-045-10X_crop.jpg	2.825	0
311	20190123-045-10X_crop.jpg	0.031	0
312	20190123-045-10X_crop.jpg	0.050	0
313	20190123-045-10X_crop.jpg	0.084	0
314	20190123-045-10X_crop.jpg	0.002	0
315	20190123-045-10X_crop.jpg	0.192	0
316	20190123-045-10X_crop.jpg	0.108	0
317	20190123-045-10X_crop.jpg	0.168	0
318	20190123-045-10X_crop.jpg	0.002	0
319	20190123-045-10X_crop.jpg	0.151	0
320	20190123-045-10X_crop.jpg	0.120	0
321	20190123-045-10X_crop.jpg	0.283	0
322	20190123-045-10X_crop.jpg	0.072	0
323	20190123-045-10X_crop.jpg	0.091	0
324	20190123-045-10X_crop.jpg	0.034	0
325	20190123-045-10X_crop.jpg	0.002	0
326	20190123-045-10X_crop.jpg	19.828	0
327	20190123-045-10X_crop.jpg	8.817	0
328	20190123-045-10X_crop.jpg	0.069	0
329	20190123-045-10X_crop.jpg	2.480	0
330	20190123-045-10X_crop.jpg	0.086	0
331	20190123-045-10X_crop.jpg	0.046	0
332	20190123-045-10X_crop.jpg	0.046	0
333	20190123-045-10X_crop.jpg	25.085	0
334	20190123-045-10X_crop.jpg	0.196	0
335	20190123-045-10X_crop.jpg	0.022	0
336	20190123-045-10X_crop.jpg	0.010	0
337	20190123-045-10X_crop.jpg	0.007	0
338	20190123-045-10X_crop.jpg	0.029	0
339	20190123-045-10X_crop.jpg	0.002	0
340	20190123-045-10X_crop.jpg	0.029	0
341	20190123-045-10X_crop.jpg	0.086	0
342	20190123-045-10X_crop.jpg	0.024	0
343	20190123-045-10X_crop.jpg	0.386	0
344	20190123-045-10X_crop.jpg	0.002	0
345	20190123-045-10X_crop.jpg	0.038	0
346	20190123-045-10X_crop.jpg	0.048	0
347	20190123-045-10X_crop.jpg	0.026	0
348	20190123-045-10X_crop.jpg	4.377	0
349	20190123-045-10X_crop.jpg	0.029	0
350	20190123-045-10X_crop.jpg	0.024	0
351	20190123-045-10X_crop.jpg	10.417	0
352	20190123-045-10X_crop.jpg	13.803	0
353	20190123-045-10X_crop.jpg	0.194	0
354	20190123-045-10X_crop.jpg	0.093	0
355	20190123-045-10X_crop.jpg	0.299	0
356	20190123-045-10X_crop.jpg	0.211	0
357	20190123-045-10X_crop.jpg	0.043	0
358	20190123-045-10X_crop.jpg	0.069	0
359	20190123-045-10X_crop.jpg	0.069	0
360	20190123-045-10X_crop.jpg	6.744	0
361	20190123-045-10X_crop.jpg	0.002	0
362	20190123-045-10X_crop.jpg	0.038	0
363	20190123-045-10X_crop.jpg	3.989	0
364	20190123-045-10X_crop.jpg	0.031	0
365	20190123-045-10X_crop.jpg	0.158	0
366	20190123-045-10X_crop.jpg	15.056	0
367	20190123-045-10X_crop.jpg	0.002	0
368	20190123-045-10X_crop.jpg	0.024	0
369	20190123-045-10X_crop.jpg	0.002	0
370	20190123-045-10X_crop.jpg	0.199	0
371	20190123-045-10X_crop.jpg	0.115	0
372	20190123-045-10X_crop.jpg	0.029	0
373	20190123-045-10X_crop.jpg	0.309	0
374	20190123-045-10X_crop.jpg	0.201	0
375	20190123-045-10X_crop.jpg	0.163	0
376	20190123-045-10X_crop.jpg	0.079	0
377	20190123-045-10X_crop.jpg	0.005	0
378	20190123-045-10X_crop.jpg	0.736	0
379	20190123-045-10X_crop.jpg	0.024	0
380	20190123-045-10X_crop.jpg	0.137	0
381	20190123-045-10X_crop.jpg	0.005	0
382	20190123-045-10X_crop.jpg	0.067	0
383	20190123-045-10X_crop.jpg	0.014	0
384	20190123-045-10X_crop.jpg	0.086	0
385	20190123-045-10X_crop.jpg	16.632	0
386	20190123-045-10X_crop.jpg	0.180	0
387	20190123-045-10X_crop.jpg	0.043	0
388	20190123-045-10X_crop.jpg	0.074	0
389	20190123-045-10X_crop.jpg	16.575	0
390	20190123-045-10X_crop.jpg	0.019	0
391	20190123-045-10X_crop.jpg	0.002	0
392	20190123-045-10X_crop.jpg	0.029	0
393	20190123-045-10X_crop.jpg	0.034	0
394	20190123-045-10X_crop.jpg	0.105	0
395	20190123-045-10X_crop.jpg	0.074	0
396	20190123-045-10X_crop.jpg	0.017	0
397	20190123-045-10X_crop.jpg	0.170	0
398	20190123-045-10X_crop.jpg	0.010	0
399	20190123-045-10X_crop.jpg	0.002	0
400	20190123-045-10X_crop.jpg	0.877	0
401	20190123-045-10X_crop.jpg	0.740	0
402	20190123-045-10X_crop.jpg	0.019	0
403	20190123-045-10X_crop.jpg	0.038	0
404	20190123-045-10X_crop.jpg	0.014	0
405	20190123-045-10X_crop.jpg	0.134	0
406	20190123-045-10X_crop.jpg	0.091	0
407	20190123-045-10X_crop.jpg	0.002	0
408	20190123-045-10X_crop.jpg	0.513	0
409	20190123-045-10X_crop.jpg	1.279	0
410	20190123-045-10X_crop.jpg	0.038	0
411	20190123-045-10X_crop.jpg	0.055	0
412	20190123-045-10X_crop.jpg	0.309	0
413	20190123-045-10X_crop.jpg	0.091	0
414	20190123-045-10X_crop.jpg	33.648	0
415	20190123-045-10X_crop.jpg	15.956	0
416	20190123-045-10X_crop.jpg	0.002	0
417	20190123-045-10X_crop.jpg	0.467	0
418	20190123-045-10X_crop.jpg	0.002	0
419	20190123-045-10X_crop.jpg	6.725	0
420	20190123-045-10X_crop.jpg	0.194	0
421	20190123-045-10X_crop.jpg	0.031	0
422	20190123-045-10X_crop.jpg	0.002	0
423	20190123-045-10X_crop.jpg	1.517	0
424	20190123-045-10X_crop.jpg	0.038	0
425	20190123-045-10X_crop.jpg	0.122	0
426	20190123-045-10X_crop.jpg	0.180	0
427	20190123-045-10X_crop.jpg	0.012	0
428	20190123-045-10X_crop.jpg	0.034	0
429	20190123-045-10X_crop.jpg	0.455	0
430	20190123-045-10X_crop.jpg	0.141	0
431	20190123-045-10X_crop.jpg	0.005	0
432	20190123-045-10X_crop.jpg	0.067	0
433	20190123-045-10X_crop.jpg	0.012	0
434	20190123-045-10X_crop.jpg	0.074	0
435	20190123-045-10X_crop.jpg	0.410	0
436	20190123-045-10X_crop.jpg	0.026	0
437	20190123-045-10X_crop.jpg	0.002	0
438	20190123-045-10X_crop.jpg	0.079	0
439	20190123-045-10X_crop.jpg	0.098	0
440	20190123-045-10X_crop.jpg	0.017	0
441	20190123-045-10X_crop.jpg	0.043	0
442	20190123-045-10X_crop.jpg	0.017	0
443	20190123-045-10X_crop.jpg	0.014	0
444	20190123-045-10X_crop.jpg	0.072	0
445	20190123-045-10X_crop.jpg	0.093	0
446	20190123-045-10X_crop.jpg	0.041	0
447	20190123-045-10X_crop.jpg	0.022	0
448	20190123-045-10X_crop.jpg	0.022	0
449	20190123-045-10X_crop.jpg	0.050	0
450	20190123-045-10X_crop.jpg	0.153	0
451	20190123-045-10X_crop.jpg	14.306	0
452	20190123-045-10X_crop.jpg	0.089	0
453	20190123-045-10X_crop.jpg	0.146	0
454	20190123-045-10X_crop.jpg	0.038	0
455	20190123-045-10X_crop.jpg	0.096	0
456	20190123-045-10X_crop.jpg	0.012	0
457	20190123-045-10X_crop.jpg	0.414	0
458	20190123-045-10X_crop.jpg	0.007	0
459	20190123-045-10X_crop.jpg	0.026	0
460	20190123-045-10X_crop.jpg	0.038	0
461	20190123-045-10X_crop.jpg	0.002	0
462	20190123-045-10X_crop.jpg	0.002	0
463	20190123-045-10X_crop.jpg	0.259	0
464	20190123-045-10X_crop.jpg	0.002	0
465	20190123-045-10X_crop.jpg	1.531	0
466	20190123-045-10X_crop.jpg	3.033	0
467	20190123-045-10X_crop.jpg	0.055	0
468	20190123-045-10X_crop.jpg	0.041	0
469	20190123-045-10X_crop.jpg	0.101	0
470	20190123-045-10X_crop.jpg	0.072	0
471	20190123-045-10X_crop.jpg	0.204	0
472	20190123-045-10X_crop.jpg	0.093	0
473	20190123-045-10X_crop.jpg	0.017	0
474	20190123-045-10X_crop.jpg	0.086	0
475	20190123-045-10X_crop.jpg	0.067	0
476	20190123-045-10X_crop.jpg	0.216	0
477	20190123-045-10X_crop.jpg	0.048	0
478	20190123-045-10X_crop.jpg	4.559	0
479	20190123-045-10X_crop.jpg	0.086	0
480	20190123-045-10X_crop.jpg	0.012	0
481	20190123-045-10X_crop.jpg	0.069	0
482	20190123-045-10X_crop.jpg	0.058	0
483	20190123-045-10X_crop.jpg	0.005	0
484	20190123-045-10X_crop.jpg	0.067	0
485	20190123-045-10X_crop.jpg	0.014	0
486	20190123-045-10X_crop.jpg	7.902	0
487	20190123-045-10X_crop.jpg	0.007	0
488	20190123-045-10X_crop.jpg	0.966	0
489	20190123-045-10X_crop.jpg	0.005	0
490	20190123-045-10X_crop.jpg	0.024	0
491	20190123-045-10X_crop.jpg	3.730	0
492	20190123-045-10X_crop.jpg	0.184	0
493	20190123-045-10X_crop.jpg	0.022	0
494	20190123-045-10X_crop.jpg	0.144	0
495	20190123-045-10X_crop.jpg	0.026	0
496	20190123-045-10X_crop.jpg	0.046	0
497	20190123-045-10X_crop.jpg	0.050	0
498	20190123-045-10X_crop.jpg	0.472	0
499	20190123-045-10X_crop.jpg	0.002	0
500	20190123-045-10X_crop.jpg	5.705	0
501	20190123-045-10X_crop.jpg	0.050	0
502	20190123-045-10X_crop.jpg	0.175	0
503	20190123-045-10X_crop.jpg	0.010	0
504	20190123-045-10X_crop.jpg	0.724	0
505	20190123-045-10X_crop.jpg	0.065	0
506	20190123-045-10X_crop.jpg	0.010	0
507	20190123-045-10X_crop.jpg	0.014	0
508	20190123-045-10X_crop.jpg	0.007	0
509	20190123-045-10X_crop.jpg	0.010	0
510	20190123-045-10X_crop.jpg	0.125	0
511	20190123-045-10X_crop.jpg	0.019	0
512	20190123-045-10X_crop.jpg	0.347	0
513	20190123-045-10X_crop.jpg	5.017	0
514	20190123-045-10X_crop.jpg	0.007	0
515	20190123-045-10X_crop.jpg	1.057	0
516	20190123-045-10X_crop.jpg	0.036	0
517	20190123-045-10X_crop.jpg	0.939	0
518	20190123-045-10X_crop.jpg	1.219	0
519	20190123-045-10X_crop.jpg	16.486	0
520	20190123-045-10X_crop.jpg	0.055	0
521	20190123-045-10X_crop.jpg	19.926	0
522	20190123-045-10X_crop.jpg	0.022	0
523	20190123-045-10X_crop.jpg	0.010	0
524	20190123-045-10X_crop.jpg	5.697	0
525	20190123-045-10X_crop.jpg	0.129	0
526	20190123-045-10X_crop.jpg	0.010	0
527	20190123-045-10X_crop.jpg	0.034	0
528	20190123-045-10X_crop.jpg	7.542	0
529	20190123-045-10X_crop.jpg	0.005	0
530	20190123-045-10X_crop.jpg	0.002	0
531	20190123-045-10X_crop.jpg	0.048	0
532	20190123-045-10X_crop.jpg	0.034	0
533	20190123-045-10X_crop.jpg	0.002	0
534	20190123-045-10X_crop.jpg	0.120	0
535	20190123-045-10X_crop.jpg	0.098	0
536	20190123-045-10X_crop.jpg	4.095	0
537	20190123-045-10X_crop.jpg	0.089	0
538	20190123-045-10X_crop.jpg	1.763	0
539	20190123-045-10X_crop.jpg	0.034	0
540	20190123-045-10X_crop.jpg	0.048	0
541	20190123-045-10X_crop.jpg	0.556	0
542	20190123-045-10X_crop.jpg	0.153	0
543	20190123-045-10X_crop.jpg	0.007	0
544	20190123-045-10X_crop.jpg	0.002	0
545	20190123-045-10X_crop.jpg	0.034	0
546	20190123-045-10X_crop.jpg	0.010	0
547	20190123-045-10X_crop.jpg	0.041	0
548	20190123-045-10X_crop.jpg	3.953	0
549	20190123-045-10X_crop.jpg	0.050	0
550	20190123-045-10X_crop.jpg	2.250	0
551	20190123-045-10X_crop.jpg	0.043	0
552	20190123-045-10X_crop.jpg	0.010	0
553	20190123-045-10X_crop.jpg	0.448	0
554	20190123-045-10X_crop.jpg	0.007	0
555	20190123-045-10X_crop.jpg	0.601	0
556	20190123-045-10X_crop.jpg	0.096	0
557	20190123-045-10X_crop.jpg	0.005	0
558	20190123-045-10X_crop.jpg	0.026	0
559	20190123-045-10X_crop.jpg	0.671	0
560	20190123-045-10X_crop.jpg	0.199	0
561	20190123-045-10X_crop.jpg	0.161	0
562	20190123-045-10X_crop.jpg	0.146	0
563	20190123-045-10X_crop.jpg	0.086	0
564	20190123-045-10X_crop.jpg	0.187	0
565	20190123-045-10X_crop.jpg	0.024	0
566	20190123-045-10X_crop.jpg	0.041	0
567	20190123-045-10X_crop.jpg	0.053	0
568	20190123-045-10X_crop.jpg	0.177	0
569	20190123-045-10X_crop.jpg	0.002	0
570	20190123-045-10X_crop.jpg	0.151	0
571	20190123-045-10X_crop.jpg	0.005	0
572	20190123-045-10X_crop.jpg	0.232	0
573	20190123-045-10X_crop.jpg	0.053	0
574	20190123-045-10X_crop.jpg	0.041	0
575	20190123-045-10X_crop.jpg	0.019	0
576	20190123-045-10X_crop.jpg	0.038	0
577	20190123-045-10X_crop.jpg	0.903	0
578	20190123-045-10X_crop.jpg	2.825	0
579	20190123-045-10X_crop.jpg	0.031	0
580	20190123-045-10X_crop.jpg	0.316	0
581	20190123-045-10X_crop.jpg	0.026	0
582	20190123-045-10X_crop.jpg	0.285	0
583	20190123-045-10X_crop.jpg	0.685	0
584	20190123-045-10X_crop.jpg	0.010	0
585	20190123-045-10X_crop.jpg	0.002	0
586	20190123-045-10X_crop.jpg	0.002	0
587	20190123-045-10X_crop.jpg	0.024	0
588	20190123-045-10X_crop.jpg	0.323	0
589	20190123-045-10X_crop.jpg	0.065	0
590	20190123-045-10X_crop.jpg	0.002	0
591	20190123-045-10X_crop.jpg	0.041	0
592	20190123-045-10X_crop.jpg	0.058	0
593	20190123-045-10X_crop.jpg	0.005	0
594	20190123-045-10X_crop.jpg	0.038	0
595	20190123-045-10X_crop.jpg	0.024	0
596	20190123-045-10X_crop.jpg	0.002	0
597	20190123-045-10X_crop.jpg	0.017	0
598	20190123-045-10X_crop.jpg	0.058	0
599	20190123-045-10X_crop.jpg	0.041	0
600	20190123-045-10X_crop.jpg	0.022	0
601	20190123-045-10X_crop.jpg	0.012	0
602	20190123-045-10X_crop.jpg	0.218	0
603	20190123-045-10X_crop.jpg	1.028	0
604	20190123-045-10X_crop.jpg	0.151	0
605	20190123-045-10X_crop.jpg	0.125	0
606	20190123-045-10X_crop.jpg	0.132	0
607	20190123-045-10X_crop.jpg	0.005	0
608	20190123-045-10X_crop.jpg	0.093	0
609	20190123-045-10X_crop.jpg	0.264	0
610	20190123-045-10X_crop.jpg	0.019	0
611	20190123-045-10X_crop.jpg	0.335	0
612	20190123-045-10X_crop.jpg	0.002	0
613	20190123-045-10X_crop.jpg	0.029	0
614	20190123-045-10X_crop.jpg	0.137	0
615	20190123-045-10X_crop.jpg	0.232	0
616	20190123-045-10X_crop.jpg	0.031	0
617	20190123-045-10X_crop.jpg	0.527	0
618	20190123-045-10X_crop.jpg	0.072	0
619	20190123-045-10X_crop.jpg	0.014	0
620	20190123-045-10X_crop.jpg	0.010	0
621	20190123-045-10X_crop.jpg	0.163	0
622	20190123-045-10X_crop.jpg	0.002	0
623	20190123-045-10X_crop.jpg	0.007	0
624	20190123-045-10X_crop.jpg	0.026	0
625	20190123-045-10X_crop.jpg	0.007	0
626	20190123-045-10X_crop.jpg	0.139	0
627	20190123-045-10X_crop.jpg	0.069	0
628	20190123-045-10X_crop.jpg	0.010	0
629	20190123-045-10X_crop.jpg	0.007	0
630	20190123-045-10X_crop.jpg	0.314	0
631	20190123-045-10X_crop.jpg	0.002	0
632	20190123-045-10X_crop.jpg	0.005	0
633	20190123-045-10X_crop.jpg	0.798	0
634	20190123-045-10X_crop.jpg	0.055	0
635	20190123-045-10X_crop.jpg	2.496	0
636	20190123-045-10X_crop.jpg	0.046	0
637	20190123-045-10X_crop.jpg	0.846	0
638	20190123-045-10X_crop.jpg	0.026	0
639	20190123-045-10X_crop.jpg	0.019	0
640	20190123-045-10X_crop.jpg	16.076	0
641	20190123-045-10X_crop.jpg	0.137	0
642	20190123-045-10X_crop.jpg	0.093	0
643	20190123-045-10X_crop.jpg	0.005	0
644	20190123-045-10X_crop.jpg	0.776	0
645	20190123-045-10X_crop.jpg	0.093	0
646	20190123-045-10X_crop.jpg	0.065	0
647	20190123-045-10X_crop.jpg	0.139	0
648	20190123-045-10X_crop.jpg	0.019	0
649	20190123-045-10X_crop.jpg	0.029	0
650	20190123-045-10X_crop.jpg	2.470	0
651	20190123-045-10X_crop.jpg	0.002	0
652	20190123-045-10X_crop.jpg	0.189	0
653	20190123-045-10X_crop.jpg	0.065	0
654	20190123-045-10X_crop.jpg	0.307	0
655	20190123-045-10X_crop.jpg	0.002	0
656	20190123-045-10X_crop.jpg	0.034	0
657	20190123-045-10X_crop.jpg	0.036	0
658	20190123-045-10X_crop.jpg	0.079	0
659	20190123-045-10X_crop.jpg	0.002	0
660	20190123-045-10X_crop.jpg	0.007	0
661	20190123-045-10X_crop.jpg	0.019	0
662	20190123-045-10X_crop.jpg	0.005	0
663	20190123-045-10X_crop.jpg	0.218	0
664	20190123-045-10X_crop.jpg	0.065	0
665	20190123-045-10X_crop.jpg	0.046	0
666	20190123-045-10X_crop.jpg	0.086	0
667	20190123-045-10X_crop.jpg	0.077	0
668	20190123-045-10X_crop.jpg	0.065	0
669	20190123-045-10X_crop.jpg	0.048	0
670	20190123-045-10X_crop.jpg	0.026	0
671	20190123-045-10X_crop.jpg	0.034	0
672	20190123-045-10X_crop.jpg	0.024	0
673	20190123-045-10X_crop.jpg	0.014	0
674	20190123-045-10X_crop.jpg	0.002	0
675	20190123-045-10X_crop.jpg	0.017	0
676	20190123-045-10X_crop.jpg	3.304	0
677	20190123-045-10X_crop.jpg	0.256	0
678	20190123-045-10X_crop.jpg	5.477	0
679	20190123-045-10X_crop.jpg	0.089	0
680	20190123-045-10X_crop.jpg	0.086	0
681	20190123-045-10X_crop.jpg	10.559	0
682	20190123-045-10X_crop.jpg	0.007	0
683	20190123-045-10X_crop.jpg	0.005	0
684	20190123-045-10X_crop.jpg	0.022	0
685	20190123-045-10X_crop.jpg	0.031	0
686	20190123-045-10X_crop.jpg	0.482	0
687	20190123-045-10X_crop.jpg	0.084	0
688	20190123-045-10X_crop.jpg	0.105	0
689	20190123-045-10X_crop.jpg	0.084	0
690	20190123-045-10X_crop.jpg	0.079	0
691	20190123-045-10X_crop.jpg	0.448	0
692	20190123-045-10X_crop.jpg	0.034	0
693	20190123-045-10X_crop.jpg	0.005	0
694	20190123-045-10X_crop.jpg	18.829	0
695	20190123-045-10X_crop.jpg	0.115	0
696	20190123-045-10X_crop.jpg	0.002	0
697	20190123-045-10X_crop.jpg	0.050	0
698	20190123-045-10X_crop.jpg	0.304	0
699	20190123-045-10X_crop.jpg	3.345	0
700	20190123-045-10X_crop.jpg	0.053	0
701	20190123-045-10X_crop.jpg	0.091	0
702	20190123-045-10X_crop.jpg	0.024	0
703	20190123-045-10X_crop.jpg	0.120	0
704	20190123-045-10X_crop.jpg	0.002	0
705	20190123-045-10X_crop.jpg	0.103	0
706	20190123-045-10X_crop.jpg	0.098	0
707	20190123-045-10X_crop.jpg	0.005	0
708	20190123-045-10X_crop.jpg	0.017	0
709	20190123-045-10X_crop.jpg	0.036	0
710	20190123-045-10X_crop.jpg	0.050	0
711	20190123-045-10X_crop.jpg	0.098	0
712	20190123-045-10X_crop.jpg	0.005	0
713	20190123-045-10X_crop.jpg	0.010	0
714	20190123-045-10X_crop.jpg	0.041	0
715	20190123-045-10X_crop.jpg	1.009	0
716	20190123-045-10X_crop.jpg	7.856	0
717	20190123-045-10X_crop.jpg	0.029	0
718	20190123-045-10X_crop.jpg	20.530	0
719	20190123-045-10X_crop.jpg	0.077	0
720	20190123-045-10X_crop.jpg	0.084	0
721	20190123-045-10X_crop.jpg	0.474	0
722	20190123-045-10X_crop.jpg	0.120	0
723	20190123-045-10X_crop.jpg	0.005	0
724	20190123-045-10X_crop.jpg	0.553	0
725	20190123-045-10X_crop.jpg	0.077	0
726	20190123-045-10X_crop.jpg	0.065	0
727	20190123-045-10X_crop.jpg	0.074	0
728	20190123-045-10X_crop.jpg	12.607	0
729	20190123-045-10X_crop.jpg	0.093	0
730	20190123-045-10X_crop.jpg	0.050	0
731	20190123-045-10X_crop.jpg	0.053	0
732	20190123-045-10X_crop.jpg	0.007	0
733	20190123-045-10X_crop.jpg	0.105	0
734	20190123-045-10X_crop.jpg	0.005	0
735	20190123-045-10X_crop.jpg	0.012	0
736	20190123-045-10X_crop.jpg	0.002	0
737	20190123-045-10X_crop.jpg	0.079	0
738	20190123-045-10X_crop.jpg	0.129	0
739	20190123-045-10X_crop.jpg	4.562	0
740	20190123-045-10X_crop.jpg	0.132	0
741	20190123-045-10X_crop.jpg	0.050	0
742	20190123-045-10X_crop.jpg	0.017	0
743	20190123-045-10X_crop.jpg	0.319	0
744	20190123-045-10X_crop.jpg	0.779	0
745	20190123-045-10X_crop.jpg	0.029	0
746	20190123-045-10X_crop.jpg	0.065	0
747	20190123-045-10X_crop.jpg	0.029	0
748	20190123-045-10X_crop.jpg	0.072	0
749	20190123-045-10X_crop.jpg	0.017	0
750	20190123-045-10X_crop.jpg	0.031	0
751	20190123-045-10X_crop.jpg	0.098	0
752	20190123-045-10X_crop.jpg	0.695	0
753	20190123-045-10X_crop.jpg	0.060	0
754	20190123-045-10X_crop.jpg	0.005	0
755	20190123-045-10X_crop.jpg	0.002	0
756	20190123-045-10X_crop.jpg	0.273	0
757	20190123-045-10X_crop.jpg	0.072	0
758	20190123-045-10X_crop.jpg	6.215	0
759	20190123-045-10X_crop.jpg	15.703	0
760	20190123-045-10X_crop.jpg	0.067	0
761	20190123-045-10X_crop.jpg	0.005	0
762	20190123-045-10X_crop.jpg	0.024	0
763	20190123-045-10X_crop.jpg	0.506	0
764	20190123-045-10X_crop.jpg	0.005	0
765	20190123-045-10X_crop.jpg	0.709	0
766	20190123-045-10X_crop.jpg	0.101	0
767	20190123-045-10X_crop.jpg	0.046	0
768	20190123-045-10X_crop.jpg	0.005	0
769	20190123-045-10X_crop.jpg	0.012	0
770	20190123-045-10X_crop.jpg	0.002	0
771	20190123-045-10X_crop.jpg	0.017	0
772	20190123-045-10X_crop.jpg	1.124	0
773	20190123-045-10X_crop.jpg	0.180	0
774	20190123-045-10X_crop.jpg	0.010	0
775	20190123-045-10X_crop.jpg	0.010	0
776	20190123-045-10X_crop.jpg	0.019	0
777	20190123-045-10X_crop.jpg	0.690	0
778	20190123-045-10X_crop.jpg	0.017	0
779	20190123-045-10X_crop.jpg	0.041	0
780	20190123-045-10X_crop.jpg	0.012	0
781	20190123-045-10X_crop.jpg	0.196	0
782	20190123-045-10X_crop.jpg	0.254	0
783	20190123-045-10X_crop.jpg	0.065	0
784	20190123-045-10X_crop.jpg	0.077	0
785	20190123-045-10X_crop.jpg	0.031	0
786	20190123-045-10X_crop.jpg	0.074	0
787	20190123-045-10X_crop.jpg	0.031	0
788	20190123-045-10X_crop.jpg	0.132	0
789	20190123-045-10X_crop.jpg	0.055	0
790	20190123-045-10X_crop.jpg	0.046	0
791	20190123-045-10X_crop.jpg	0.005	0
792	20190123-045-10X_crop.jpg	0.084	0
793	20190123-045-10X_crop.jpg	0.041	0
794	20190123-045-10X_crop.jpg	0.029	0
795	20190123-045-10X_crop.jpg	0.007	0
796	20190123-045-10X_crop.jpg	0.041	0
797	20190123-045-10X_crop.jpg	0.026	0
798	20190123-045-10X_crop.jpg	4.727	0
799	20190123-045-10X_crop.jpg	0.134	0
800	20190123-045-10X_crop.jpg	0.046	0
801	20190123-045-10X_crop.jpg	4.178	0
802	20190123-045-10X_crop.jpg	0.062	0
803	20190123-045-10X_crop.jpg	5.204	0
804	20190123-045-10X_crop.jpg	0.122	0
805	20190123-045-10X_crop.jpg	0.005	0
806	20190123-045-10X_crop.jpg	0.046	0
807	20190123-045-10X_crop.jpg	0.058	0
808	20190123-045-10X_crop.jpg	0.014	0
809	20190123-045-10X_crop.jpg	6.905	0
810	20190123-045-10X_crop.jpg	0.065	0
811	20190123-045-10X_crop.jpg	0.031	0
812	20190123-045-10X_crop.jpg	0.582	0
813	20190123-045-10X_crop.jpg	0.860	0
814	20190123-045-10X_crop.jpg	0.043	0
815	20190123-045-10X_crop.jpg	2.108	0
816	20190123-045-10X_crop.jpg	0.036	0
817	20190123-045-10X_crop.jpg	0.086	0
818	20190123-045-10X_crop.jpg	0.024	0
819	20190123-045-10X_crop.jpg	3.900	0
820	20190123-045-10X_crop.jpg	0.311	0
821	20190123-045-10X_crop.jpg	0.024	0
822	20190123-045-10X_crop.jpg	7.161	0
823	20190123-045-10X_crop.jpg	0.036	0
824	20190123-045-10X_crop.jpg	0.005	0
825	20190123-045-10X_crop.jpg	4.164	0
826	20190123-045-10X_crop.jpg	0.002	0
827	20190123-045-10X_crop.jpg	0.041	0
828	20190123-045-10X_crop.jpg	0.086	0
829	20190123-045-10X_crop.jpg	0.297	0
830	20190123-045-10X_crop.jpg	0.894	0
831	20190123-045-10X_crop.jpg	0.115	0
832	20190123-045-10X_crop.jpg	0.014	0
833	20190123-045-10X_crop.jpg	1.984	0
834	20190123-045-10X_crop.jpg	0.002	0
835	20190123-045-10X_crop.jpg	0.050	0
836	20190123-045-10X_crop.jpg	0.170	0
837	20190123-045-10X_crop.jpg	0.060	0
838	20190123-045-10X_crop.jpg	0.002	0
839	20190123-045-10X_crop.jpg	0.781	0
840	20190123-045-10X_crop.jpg	0.005	0
841	20190123-045-10X_crop.jpg	0.659	0
842	20190123-045-10X_crop.jpg	0.091	0
843	20190123-045-10X_crop.jpg	0.014	0
844	20190123-045-10X_crop.jpg	0.115	0
845	20190123-045-10X_crop.jpg	0.062	0
846	20190123-045-10X_crop.jpg	0.089	0
847	20190123-045-10X_crop.jpg	3.728	0
848	20190123-045-10X_crop.jpg	0.038	0
849	20190123-045-10X_crop.jpg	0.347	0
850	20190123-045-10X_crop.jpg	0.012	0
851	20190123-045-10X_crop.jpg	4.126	0
852	20190123-045-10X_crop.jpg	0.007	0
853	20190123-045-10X_crop.jpg	0.072	0
854	20190123-045-10X_crop.jpg	0.046	0
855	20190123-045-10X_crop.jpg	0.026	0
856	20190123-045-10X_crop.jpg	0.019	0
857	20190123-045-10X_crop.jpg	0.026	0
858	20190123-045-10X_crop.jpg	0.223	0
859	20190123-045-10X_crop.jpg	0.010	0
860	20190123-045-10X_crop.jpg	19.596	0
861	20190123-045-10X_crop.jpg	0.069	0
862	20190123-045-10X_crop.jpg	0.048	0
863	20190123-045-10X_crop.jpg	15.470	0
864	20190123-045-10X_crop.jpg	0.002	0
865	20190123-045-10X_crop.jpg	0.276	0
866	20190123-045-10X_crop.jpg	0.350	0
867	20190123-045-10X_crop.jpg	0.206	0
868	20190123-045-10X_crop.jpg	2.214	0
869	20190123-045-10X_crop.jpg	0.026	0
870	20190123-045-10X_crop.jpg	0.930	0
871	20190123-045-10X_crop.jpg	0.022	0
872	20190123-045-10X_crop.jpg	0.069	0
873	20190123-045-10X_crop.jpg	0.029	0
874	20190123-045-10X_crop.jpg	0.072	0
875	20190123-045-10X_crop.jpg	0.405	0
876	20190123-045-10X_crop.jpg	12.308	0
877	20190123-045-10X_crop.jpg	0.036	0
878	20190123-045-10X_crop.jpg	7.887	0
879	20190123-045-10X_crop.jpg	0.060	0
880	20190123-045-10X_crop.jpg	0.038	0
881	20190123-045-10X_crop.jpg	1.541	0
882	20190123-045-10X_crop.jpg	7.899	0
883	20190123-045-10X_crop.jpg	2.830	0
884	20190123-045-10X_crop.jpg	0.005	0
885	20190123-045-10X_crop.jpg	0.297	0
886	20190123-045-10X_crop.jpg	0.010	0
887	20190123-045-10X_crop.jpg	0.026	0
888	20190123-045-10X_crop.jpg	10.642	0
889	20190123-045-10X_crop.jpg	11.725	0
890	20190123-045-10X_crop.jpg	0.120	0
891	20190123-045-10X_crop.jpg	0.050	0
892	20190123-045-10X_crop.jpg	0.002	0
893	20190123-045-10X_crop.jpg	0.175	0
894	20190123-045-10X_crop.jpg	0.012	0
895	20190123-045-10X_crop.jpg	0.381	0
896	20190123-045-10X_crop.jpg	0.017	0
897	20190123-045-10X_crop.jpg	0.022	0
898	20190123-045-10X_crop.jpg	0.060	0
899	20190123-045-10X_crop.jpg	0.072	0
900	20190123-045-10X_crop.jpg	10.494	0
901	20190123-045-10X_crop.jpg	3.349	0
902	20190123-045-10X_crop.jpg	0.177	0
903	20190123-045-10X_crop.jpg	0.843	0
904	20190123-045-10X_crop.jpg	0.290	0
905	20190123-045-10X_crop.jpg	2.101	0
906	20190123-045-10X_crop.jpg	0.086	0
907	20190123-045-10X_crop.jpg	0.002	0
908	20190123-045-10X_crop.jpg	0.007	0
909	20190123-045-10X_crop.jpg	0.127	0
910	20190123-045-10X_crop.jpg	0.139	0
911	20190123-045-10X_crop.jpg	0.043	0
912	20190123-045-10X_crop.jpg	0.134	0
913	20190123-045-10X_crop.jpg	10.132	0
914	20190123-045-10X_crop.jpg	0.002	0
915	20190123-045-10X_crop.jpg	0.002	0
916	20190123-045-10X_crop.jpg	0.031	0
917	20190123-045-10X_crop.jpg	0.002	0
918	20190123-045-10X_crop.jpg	0.002	0
919	20190123-045-10X_crop.jpg	0.002	0
920	20190123-045-10X_crop.jpg	0.002	0
921	20190123-045-10X_crop.jpg	0.002	0
922	20190123-045-10X_crop.jpg	0.129	0
923	20190123-045-10X_crop.jpg	0.050	0
924	20190123-045-10X_crop.jpg	0.007	0
925	20190123-045-10X_crop.jpg	0.002	0
926	20190123-045-10X_crop.jpg	0.002	0
927	20190123-045-10X_crop.jpg	0.022	0
928	20190123-045-10X_crop.jpg	0.002	0
929	20190123-045-10X_crop.jpg	0.046	0
930	20190123-045-10X_crop.jpg	0.014	0
931	20190123-045-10X_crop.jpg	0.029	0
932	20190123-045-10X_crop.jpg	0.048	0
933	20190123-045-10X_crop.jpg	0.323	0
934	20190123-045-10X_crop.jpg	0.060	0
935	20190123-045-10X_crop.jpg	0.017	0
936	20190123-045-10X_crop.jpg	0.026	0
937	20190123-045-10X_crop.jpg	6.387	0
938	20190123-045-10X_crop.jpg	0.031	0
939	20190123-045-10X_crop.jpg	1.854	0
940	20190123-045-10X_crop.jpg	3.929	0
941	20190123-045-10X_crop.jpg	0.058	0
942	20190123-045-10X_crop.jpg	0.036	0
943	20190123-045-10X_crop.jpg	10.717	0
944	20190123-045-10X_crop.jpg	0.041	0
945	20190123-045-10X_crop.jpg	0.290	0
946	20190123-045-10X_crop.jpg	0.041	0
947	20190123-045-10X_crop.jpg	0.002	0
948	20190123-045-10X_crop.jpg	0.268	0
949	20190123-045-10X_crop.jpg	2.118	0
950	20190123-045-10X_crop.jpg	0.007	0
951	20190123-045-10X_crop.jpg	0.010	0
952	20190123-045-10X_crop.jpg	0.084	0
953	20190123-045-10X_crop.jpg	0.012	0
954	20190123-045-10X_crop.jpg	0.005	0
955	20190123-045-10X_crop.jpg	0.024	0
956	20190123-045-10X_crop.jpg	0.046	0
957	20190123-045-10X_crop.jpg	0.007	0
958	20190123-045-10X_crop.jpg	6.584	0
959	20190123-045-10X_crop.jpg	0.156	0
960	20190123-045-10X_crop.jpg	0.002	0
961	20190123-045-10X_crop.jpg	0.316	0
962	20190123-045-10X_crop.jpg	2.937	0
963	20190123-045-10X_crop.jpg	0.053	0
964	20190123-045-10X_crop.jpg	0.510	0
965	20190123-045-10X_crop.jpg	0.002	0
966	20190123-045-10X_crop.jpg	0.079	0
967	20190123-045-10X_crop.jpg	0.127	0
968	20190123-045-10X_crop.jpg	0.168	0
969	20190123-045-10X_crop.jpg	0.050	0
970	20190123-045-10X_crop.jpg	0.007	0
971	20190123-045-10X_crop.jpg	0.005	0
972	20190123-045-10X_crop.jpg	0.010	0
973	20190123-045-10X_crop.jpg	4.420	0
974	20190123-045-10X_crop.jpg	0.050	0
975	20190123-045-10X_crop.jpg	0.022	0
976	20190123-045-10X_crop.jpg	0.046	0
977	20190123-045-10X_crop.jpg	0.086	0
978	20190123-045-10X_crop.jpg	0.091	0
979	20190123-045-10X_crop.jpg	0.077	0
980	20190123-045-10X_crop.jpg	15.123	0
981	20190123-045-10X_crop.jpg	0.029	0
982	20190123-045-10X_crop.jpg	0.362	0
983	20190123-045-10X_crop.jpg	0.158	0
984	20190123-045-10X_crop.jpg	0.058	0
985	20190123-045-10X_crop.jpg	0.127	0
986	20190123-045-10X_crop.jpg	0.024	0
987	20190123-045-10X_crop.jpg	0.014	0
988	20190123-045-10X_crop.jpg	0.156	0
989	20190123-045-10X_crop.jpg	0.002	0
990	20190123-045-10X_crop.jpg	0.010	0
991	20190123-045-10X_crop.jpg	0.014	0
992	20190123-045-10X_crop.jpg	0.002	0
993	20190123-045-10X_crop.jpg	0.002	0
994	20190123-045-10X_crop.jpg	0.019	0
995	20190123-045-10X_crop.jpg	0.089	0
996	20190123-045-10X_crop.jpg	0.005	0
997	20190123-045-10X_crop.jpg	0.007	0
998	20190123-045-10X_crop.jpg	0.019	0
999	20190123-045-10X_crop.jpg	0.002	0
1000	20190123-045-10X_crop.jpg	0.002	0
1001	20190123-045-10X_crop.jpg	27.203	0
1002	20190123-045-10X_crop.jpg	0.024	0
1003	20190123-045-10X_crop.jpg	0.002	0
1004	20190123-045-10X_crop.jpg	0.007	0
1005	20190123-045-10X_crop.jpg	0.256	0
1006	20190123-045-10X_crop.jpg	0.005	0
1007	20190123-045-10X_crop.jpg	0.002	0
1008	20190123-045-10X_crop.jpg	2.774	0
1009	20190123-045-10X_crop.jpg	0.005	0
1010	20190123-045-10X_crop.jpg	0.019	0
1011	20190123-045-10X_crop.jpg	0.026	0
1012	20190123-045-10X_crop.jpg	0.196	0
1013	20190123-045-10X_crop.jpg	1.806	0
1014	20190123-045-10X_crop.jpg	2.717	0
1015	20190123-045-10X_crop.jpg	0.927	0
1016	20190123-045-10X_crop.jpg	0.012	0
1017	20190123-045-10X_crop.jpg	4.600	0
1018	20190123-045-10X_crop.jpg	0.046	0
1019	20190123-045-10X_crop.jpg	0.024	0
1020	20190123-045-10X_crop.jpg	0.012	0
1021	20190123-045-10X_crop.jpg	0.105	0
1022	20190123-045-10X_crop.jpg	0.105	0
1023	20190123-045-10X_crop.jpg	0.261	0
1024	20190123-045-10X_crop.jpg	0.022	0
1025	20190123-045-10X_crop.jpg	0.010	0
1026	20190123-045-10X_crop.jpg	0.093	0
1027	20190123-045-10X_crop.jpg	0.036	0
1028	20190123-045-10X_crop.jpg	3.222	0
1029	20190123-045-10X_crop.jpg	0.129	0
1030	20190123-045-10X_crop.jpg	0.007	0
1031	20190123-045-10X_crop.jpg	0.115	0
1032	20190123-045-10X_crop.jpg	7.377	0
1033	20190123-045-10X_crop.jpg	0.046	0
1034	20190123-045-10X_crop.jpg	0.134	0
1035	20190123-045-10X_crop.jpg	0.002	0
1036	20190123-045-10X_crop.jpg	7.389	0
1037	20190123-045-10X_crop.jpg	4.401	0
1038	20190123-045-10X_crop.jpg	0.204	0
1039	20190123-045-10X_crop.jpg	2.214	0
1040	20190123-045-10X_crop.jpg	0.031	0
1041	20190123-045-10X_crop.jpg	0.189	0
1042	20190123-045-10X_crop.jpg	0.079	0
1043	20190123-045-10X_crop.jpg	0.060	0
1044	20190123-045-10X_crop.jpg	27.344	0
1045	20190123-045-10X_crop.jpg	0.022	0
1046	20190123-045-10X_crop.jpg	0.069	0
1047	20190123-045-10X_crop.jpg	0.010	0
1048	20190123-045-10X_crop.jpg	0.005	0
1049	20190123-045-10X_crop.jpg	8.877	0
1050	20190123-045-10X_crop.jpg	0.024	0
1051	20190123-045-10X_crop.jpg	0.005	0
1052	20190123-045-10X_crop.jpg	0.254	0
1053	20190123-045-10X_crop.jpg	0.012	0
1054	20190123-045-10X_crop.jpg	0.007	0
1055	20190123-045-10X_crop.jpg	0.002	0
1056	20190123-045-10X_crop.jpg	0.058	0
1057	20190123-045-10X_crop.jpg	0.491	0
1058	20190123-045-10X_crop.jpg	0.043	0
1059	20190123-045-10X_crop.jpg	8.139	0
1060	20190123-045-10X_crop.jpg	0.034	0
1061	20190123-045-10X_crop.jpg	0.369	0
1062	20190123-045-10X_crop.jpg	16.139	0
1063	20190123-045-10X_crop.jpg	0.403	0
1064	20190123-045-10X_crop.jpg	0.151	0
1065	20190123-045-10X_crop.jpg	0.036	0
1066	20190123-045-10X_crop.jpg	0.110	0
1067	20190123-045-10X_crop.jpg	0.053	0
1068	20190123-045-10X_crop.jpg	0.002	0
1069	20190123-045-10X_crop.jpg	0.058	0
1070	20190123-045-10X_crop.jpg	10.592	0
1071	20190123-045-10X_crop.jpg	0.117	0
1072	20190123-045-10X_crop.jpg	0.170	0
1073	20190123-045-10X_crop.jpg	8.599	0
1074	20190123-045-10X_crop.jpg	0.276	0
1075	20190123-045-10X_crop.jpg	4.667	0
1076	20190123-045-10X_crop.jpg	0.014	0
1077	20190123-045-10X_crop.jpg	0.002	0
1078	20190123-045-10X_crop.jpg	0.072	0
1079	20190123-045-10X_crop.jpg	0.055	0
1080	20190123-045-10X_crop.jpg	0.053	0
1081	20190123-045-10X_crop.jpg	0.230	0
1082	20190123-045-10X_crop.jpg	0.050	0
1083	20190123-045-10X_crop.jpg	0.194	0
1084	20190123-045-10X_crop.jpg	0.017	0
1085	20190123-045-10X_crop.jpg	1.164	0
1086	20190123-045-10X_crop.jpg	0.019	0
1087	20190123-045-10X_crop.jpg	0.062	0
1088	20190123-045-10X_crop.jpg	3.287	0
1089	20190123-045-10X_crop.jpg	0.153	0
1090	20190123-045-10X_crop.jpg	18.199	0
1091	20190123-045-10X_crop.jpg	0.067	0
1092	20190123-045-10X_crop.jpg	3.105	0
1093	20190123-045-10X_crop.jpg	0.012	0
1094	20190123-045-10X_crop.jpg	0.053	0
1095	20190123-045-10X_crop.jpg	0.026	0
1096	20190123-045-10X_crop.jpg	0.084	0
1097	20190123-045-10X_crop.jpg	0.002	0
1098	20190123-045-10X_crop.jpg	0.026	0
1099	20190123-045-10X_crop.jpg	0.113	0
1100	20190123-045-10X_crop.jpg	0.058	0
1101	20190123-045-10X_crop.jpg	0.002	0
1102	20190123-045-10X_crop.jpg	0.058	0
1103	20190123-045-10X_crop.jpg	0.002	0
1104	20190123-045-10X_crop.jpg	19.071	0
1105	20190123-045-10X_crop.jpg	0.180	0
1106	20190123-045-10X_crop.jpg	2.473	0
1107	20190123-045-10X_crop.jpg	0.014	0
1108	20190123-045-10X_crop.jpg	0.010	0
1109	20190123-045-10X_crop.jpg	0.098	0
1110	20190123-045-10X_crop.jpg	0.060	0
1111	20190123-045-10X_crop.jpg	0.093	0
1112	20190123-045-10X_crop.jpg	0.062	0
1113	20190123-045-10X_crop.jpg	0.022	0
1114	20190123-045-10X_crop.jpg	0.005	0
1115	20190123-045-10X_crop.jpg	0.034	0
1116	20190123-045-10X_crop.jpg	0.026	0
1117	20190123-045-10X_crop.jpg	0.549	0
1118	20190123-045-10X_crop.jpg	0.125	0
1119	20190123-045-10X_crop.jpg	0.072	0
1120	20190123-045-10X_crop.jpg	0.055	0
1121	20190123-045-10X_crop.jpg	0.417	0
1122	20190123-045-10X_crop.jpg	2.894	0
1123	20190123-045-10X_crop.jpg	2.664	0
1124	20190123-045-10X_crop.jpg	0.220	0
1125	20190123-045-10X_crop.jpg	20.168	0
1126	20190123-045-10X_crop.jpg	6.095	0
1127	20190123-045-10X_crop.jpg	0.743	0
1128	20190123-045-10X_crop.jpg	3.261	0
1129	20190123-045-10X_crop.jpg	0.005	0
1130	20190123-045-10X_crop.jpg	0.055	0
1131	20190123-045-10X_crop.jpg	0.038	0
1132	20190123-045-10X_crop.jpg	0.443	0
1133	20190123-045-10X_crop.jpg	0.005	0
1134	20190123-045-10X_crop.jpg	8.766	0
1135	20190123-045-10X_crop.jpg	0.005	0
1136	20190123-045-10X_crop.jpg	1.040	0
1137	20190123-045-10X_crop.jpg	0.738	0
1138	20190123-045-10X_crop.jpg	0.055	0
1139	20190123-045-10X_crop.jpg	0.103	0
1140	20190123-045-10X_crop.jpg	0.014	0
1141	20190123-045-10X_crop.jpg	0.276	0
1142	20190123-045-10X_crop.jpg	0.065	0
1143	20190123-045-10X_crop.jpg	0.036	0
1144	20190123-045-10X_crop.jpg	0.010	0
1145	20190123-045-10X_crop.jpg	0.031	0
1146	20190123-045-10X_crop.jpg	0.053	0
1147	20190123-045-10X_crop.jpg	0.249	0
1148	20190123-045-10X_crop.jpg	0.098	0
1149	20190123-045-10X_crop.jpg	0.053	0
1150	20190123-045-10X_crop.jpg	0.005	0
1151	20190123-045-10X_crop.jpg	0.024	0
1152	20190123-045-10X_crop.jpg	0.139	0
1153	20190123-045-10X_crop.jpg	0.012	0
1154	20190123-045-10X_crop.jpg	0.058	0
1155	20190123-045-10X_crop.jpg	2.034	0
1156	20190123-045-10X_crop.jpg	0.158	0
1157	20190123-045-10X_crop.jpg	0.055	0
1158	20190123-045-10X_crop.jpg	0.050	0
1159	20190123-045-10X_crop.jpg	0.029	0
1160	20190123-045-10X_crop.jpg	0.002	0
1161	20190123-045-10X_crop.jpg	0.046	0
1162	20190123-045-10X_crop.jpg	0.026	0
1163	20190123-045-10X_crop.jpg	6.057	0
1164	20190123-045-10X_crop.jpg	0.393	0
1165	20190123-045-10X_crop.jpg	0.062	0
1166	20190123-045-10X_crop.jpg	0.022	0
1167	20190123-045-10X_crop.jpg	0.026	0
1168	20190123-045-10X_crop.jpg	0.412	0
1169	20190123-045-10X_crop.jpg	0.096	0
1170	20190123-045-10X_crop.jpg	0.067	0
1171	20190123-045-10X_crop.jpg	0.072	0
1172	20190123-045-10X_crop.jpg	0.182	0
1173	20190123-045-10X_crop.jpg	0.117	0
1174	20190123-045-10X_crop.jpg	13.920	0
1175	20190123-045-10X_crop.jpg	0.103	0
1176	20190123-045-10X_crop.jpg	1.270	0
1177	20190123-045-10X_crop.jpg	0.007	0
1178	20190123-045-10X_crop.jpg	0.137	0
1179	20190123-045-10X_crop.jpg	0.177	0
1180	20190123-045-10X_crop.jpg	0.031	0
1181	20190123-045-10X_crop.jpg	0.017	0
1182	20190123-045-10X_crop.jpg	7.700	0
1183	20190123-045-10X_crop.jpg	0.026	0
1184	20190123-045-10X_crop.jpg	0.017	0
1185	20190123-045-10X_crop.jpg	0.002	0
1186	20190123-045-10X_crop.jpg	0.161	0
1187	20190123-045-10X_crop.jpg	0.091	0
1188	20190123-045-10X_crop.jpg	0.002	0
1189	20190123-045-10X_crop.jpg	0.002	0
1190	20190123-045-10X_crop.jpg	19.905	0
1191	20190123-045-10X_crop.jpg	2.727	0
1192	20190123-045-10X_crop.jpg	15.307	0
1193	20190123-045-10X_crop.jpg	0.096	0
1194	20190123-045-10X_crop.jpg	36.808	0
1195	20190123-045-10X_crop.jpg	0.002	0
1196	20190123-045-10X_crop.jpg	0.635	0
1197	20190123-045-10X_crop.jpg	0.038	0
1198	20190123-045-10X_crop.jpg	0.134	0
1199	20190123-045-10X_crop.jpg	0.043	0
1200	20190123-045-10X_crop.jpg	0.046	0
1201	20190123-045-10X_crop.jpg	0.053	0
1202	20190123-045-10X_crop.jpg	0.158	0
1203	20190123-045-10X_crop.jpg	0.026	0
1204	20190123-045-10X_crop.jpg	0.069	0
1205	20190123-045-10X_crop.jpg	0.623	0
1206	20190123-045-10X_crop.jpg	11.843	0
1207	20190123-045-10X_crop.jpg	0.010	0
1208	20190123-045-10X_crop.jpg	0.012	0
1209	20190123-045-10X_crop.jpg	0.089	0
1210	20190123-045-10X_crop.jpg	0.005	0
1211	20190123-045-10X_crop.jpg	1.097	0
1212	20190123-045-10X_crop.jpg	0.074	0
1213	20190123-045-10X_crop.jpg	0.048	0
1214	20190123-045-10X_crop.jpg	0.002	0
1215	20190123-045-10X_crop.jpg	0.750	0
1216	20190123-045-10X_crop.jpg	0.223	0
1217	20190123-045-10X_crop.jpg	20.444	0
1218	20190123-045-10X_crop.jpg	0.007	0
1219	20190123-045-10X_crop.jpg	0.007	0
1220	20190123-045-10X_crop.jpg	0.062	0
1221	20190123-045-10X_crop.jpg	11.158	0
1222	20190123-045-10X_crop.jpg	0.022	0
1223	20190123-045-10X_crop.jpg	4.317	0
1224	20190123-045-10X_crop.jpg	0.002	0
1225	20190123-045-10X_crop.jpg	0.046	0
1226	20190123-045-10X_crop.jpg	0.062	0
1227	20190123-045-10X_crop.jpg	0.019	0
1228	20190123-045-10X_crop.jpg	0.050	0
1229	20190123-045-10X_crop.jpg	0.084	0
1230	20190123-045-10X_crop.jpg	0.019	0
1231	20190123-045-10X_crop.jpg	0.129	0
1232	20190123-045-10X_crop.jpg	0.110	0
1233	20190123-045-10X_crop.jpg	0.024	0
1234	20190123-045-10X_crop.jpg	0.019	0
1235	20190123-045-10X_crop.jpg	0.053	0
1236	20190123-045-10X_crop.jpg	0.108	0
1237	20190123-045-10X_crop.jpg	0.002	0
1238	20190123-045-10X_crop.jpg	0.046	0
1239	20190123-045-10X_crop.jpg	0.055	0
1240	20190123-045-10X_crop.jpg	0.062	0
1241	20190123-045-10X_crop.jpg	0.007	0
1242	20190123-045-10X_crop.jpg	0.074	0
1243	20190123-045-10X_crop.jpg	0.002	0
1244	20190123-045-10X_crop.jpg	0.024	0
1245	20190123-045-10X_crop.jpg	15.573	0
1246	20190123-045-10X_crop.jpg	0.283	0
1247	20190123-045-10X_crop.jpg	0.053	0
1248	20190123-045-10X_crop.jpg	0.120	0
1249	20190123-045-10X_crop.jpg	0.002	0
1250	20190123-045-10X_crop.jpg	0.096	0
1251	20190123-045-10X_crop.jpg	0.055	0
1252	20190123-045-10X_crop.jpg	2.652	0
1253	20190123-045-10X_crop.jpg	0.029	0
1254	20190123-045-10X_crop.jpg	0.125	0
1255	20190123-045-10X_crop.jpg	0.151	0
1256	20190123-045-10X_crop.jpg	0.105	0
1257	20190123-045-10X_crop.jpg	0.010	0
1258	20190123-045-10X_crop.jpg	0.156	0
1259	20190123-045-10X_crop.jpg	2.458	0
1260	20190123-045-10X_crop.jpg	0.060	0
1261	20190123-045-10X_crop.jpg	0.062	0
1262	20190123-045-10X_crop.jpg	0.343	0
1263	20190123-045-10X_crop.jpg	0.065	0
1264	20190123-045-10X_crop.jpg	0.553	0
1265	20190123-045-10X_crop.jpg	10.324	0
1266	20190123-045-10X_crop.jpg	0.007	0
1267	20190123-045-10X_crop.jpg	0.002	0
1268	20190123-045-10X_crop.jpg	0.002	0
1269	20190123-045-10X_crop.jpg	0.005	0
1270	20190123-045-10X_crop.jpg	0.093	0
1271	20190123-045-10X_crop.jpg	0.002	0
1272	20190123-045-10X_crop.jpg	0.108	0
1273	20190123-045-10X_crop.jpg	0.002	0
1274	20190123-045-10X_crop.jpg	0.002	0
1275	20190123-045-10X_crop.jpg	0.024	0
1276	20190123-045-10X_crop.jpg	0.034	0
1277	20190123-045-10X_crop.jpg	0.002	0
1278	20190123-045-10X_crop.jpg	0.002	0
1279	20190123-045-10X_crop.jpg	0.002	0
1280	20190123-045-10X_crop.jpg	0.654	0
1281	20190123-045-10X_crop.jpg	0.323	0
1282	20190123-045-10X_crop.jpg	0.010	0
1283	20190123-045-10X_crop.jpg	0.201	0
1284	20190123-045-10X_crop.jpg	0.005	0
1285	20190123-045-10X_crop.jpg	1.610	0
1286	20190123-045-10X_crop.jpg	0.002	0
1287	20190123-045-10X_crop.jpg	0.031	0
1288	20190123-045-10X_crop.jpg	0.074	0
1289	20190123-045-10X_crop.jpg	0.022	0
1290	20190123-045-10X_crop.jpg	0.093	0
1291	20190123-045-10X_crop.jpg	0.002	0
1292	20190123-045-10X_crop.jpg	0.002	0
1293	20190123-045-10X_crop.jpg	0.002	0
1294	20190123-045-10X_crop.jpg	4.015	0
1295	20190123-045-10X_crop.jpg	0.043	0
1296	20190123-045-10X_crop.jpg	0.060	0
1297	20190123-045-10X_crop.jpg	0.002	0
1298	20190123-045-10X_crop.jpg	0.041	0
1299	20190123-045-10X_crop.jpg	0.050	0
1300	20190123-045-10X_crop.jpg	10.772	0
1301	20190123-045-10X_crop.jpg	0.005	0
1302	20190123-045-10X_crop.jpg	0.005	0
1303	20190123-045-10X_crop.jpg	0.010	0
1304	20190123-045-10X_crop.jpg	0.002	0
1305	20190123-045-10X_crop.jpg	0.180	0
1306	20190123-045-10X_crop.jpg	0.002	0
1307	20190123-045-10X_crop.jpg	0.446	0
1308	20190123-045-10X_crop.jpg	0.077	0
1309	20190123-045-10X_crop.jpg	0.002	0
1310	20190123-045-10X_crop.jpg	0.002	0
1311	20190123-045-10X_crop.jpg	0.002	0
1312	20190123-045-10X_crop.jpg	0.002	0
1313	20190123-045-10X_crop.jpg	15.887	0
1314	20190123-045-10X_crop.jpg	0.002	0
1315	20190123-045-10X_crop.jpg	0.431	0
1316	20190123-045-10X_crop.jpg	7.688	0
1317	20190123-045-10X_crop.jpg	0.086	0
1318	20190123-045-10X_crop.jpg	0.043	0
1319	20190123-045-10X_crop.jpg	0.002	0
1320	20190123-045-10X_crop.jpg	0.002	0
1321	20190123-045-10X_crop.jpg	0.002	0
1322	20190123-045-10X_crop.jpg	0.002	0
1323	20190123-045-10X_crop.jpg	0.002	0
1324	20190123-045-10X_crop.jpg	0.002	0
1325	20190123-045-10X_crop.jpg	0.002	0
1326	20190123-045-10X_crop.jpg	0.199	0
1327	20190123-045-10X_crop.jpg	0.038	0
1328	20190123-045-10X_crop.jpg	0.034	0
1329	20190123-045-10X_crop.jpg	0.062	0
1330	20190123-045-10X_crop.jpg	0.084	0
1331	20190123-045-10X_crop.jpg	0.096	0
1332	20190123-045-10X_crop.jpg	0.017	0
1333	20190123-045-10X_crop.jpg	0.002	0
1334	20190123-045-10X_crop.jpg	0.007	0
1335	20190123-045-10X_crop.jpg	0.007	0
1336	20190123-045-10X_crop.jpg	0.091	0
1337	20190123-045-10X_crop.jpg	0.029	0
1338	20190123-045-10X_crop.jpg	0.314	0
1339	20190123-045-10X_crop.jpg	0.081	0
1340	20190123-045-10X_crop.jpg	0.074	0
1341	20190123-045-10X_crop.jpg	0.034	0
1342	20190123-045-10X_crop.jpg	0.036	0
1343	20190123-045-10X_crop.jpg	0.014	0
1344	20190123-045-10X_crop.jpg	0.007	0
1345	20190123-045-10X_crop.jpg	0.077	0
1346	20190123-045-10X_crop.jpg	0.127	0
1347	20190123-045-10X_crop.jpg	3.299	0
1348	20190123-045-10X_crop.jpg	11.510	0
1349	20190123-045-10X_crop.jpg	0.026	0
1350	20190123-045-10X_crop.jpg	0.031	0
1351	20190123-045-10X_crop.jpg	0.029	0
1352	20190123-045-10X_crop.jpg	2.370	0
1353	20190123-045-10X_crop.jpg	0.029	0
1354	20190123-045-10X_crop.jpg	11.251	0
1355	20190123-045-10X_crop.jpg	0.002	0
1356	20190123-045-10X_crop.jpg	0.010	0
1357	20190123-045-10X_crop.jpg	0.002	0
1358	20190123-045-10X_crop.jpg	0.005	0
1359	20190123-045-10X_crop.jpg	0.007	0
1360	20190123-045-10X_crop.jpg	0.055	0
1361	20190123-045-10X_crop.jpg	0.007	0
1362	20190123-045-10X_crop.jpg	0.204	0
1363	20190123-045-10X_crop.jpg	0.122	0
1364	20190123-045-10X_crop.jpg	0.041	0
1365	20190123-045-10X_crop.jpg	0.014	0
1366	20190123-045-10X_crop.jpg	5.304	0
1367	20190123-045-10X_crop.jpg	0.034	0
1368	20190123-045-10X_crop.jpg	0.134	0
1369	20190123-045-10X_crop.jpg	0.041	0
1370	20190123-045-10X_crop.jpg	0.058	0
1371	20190123-045-10X_crop.jpg	0.005	0
1372	20190123-045-10X_crop.jpg	0.017	0
1373	20190123-045-10X_crop.jpg	0.108	0
1374	20190123-045-10X_crop.jpg	0.019	0
1375	20190123-045-10X_crop.jpg	0.331	0
1376	20190123-045-10X_crop.jpg	7.870	0
1377	20190123-045-10X_crop.jpg	0.026	0
1378	20190123-045-10X_crop.jpg	0.388	0
1379	20190123-045-10X_crop.jpg	0.005	0
1380	20190123-045-10X_crop.jpg	0.005	0
1381	20190123-045-10X_crop.jpg	8.426	0
1382	20190123-045-10X_crop.jpg	0.084	0
1383	20190123-045-10X_crop.jpg	0.069	0
1384	20190123-045-10X_crop.jpg	0.050	0
1385	20190123-045-10X_crop.jpg	0.050	0
1386	20190123-045-10X_crop.jpg	0.019	0
1387	20190123-045-10X_crop.jpg	0.010	0
1388	20190123-045-10X_crop.jpg	0.002	0
1389	20190123-045-10X_crop.jpg	13.745	0
1390	20190123-045-10X_crop.jpg	0.050	0
1391	20190123-045-10X_crop.jpg	0.266	0
1392	20190123-045-10X_crop.jpg	0.031	0
1393	20190123-045-10X_crop.jpg	0.002	0
1394	20190123-045-10X_crop.jpg	0.108	0
1395	20190123-045-10X_crop.jpg	4.904	0
1396	20190123-045-10X_crop.jpg	8.158	0
1397	20190123-045-10X_crop.jpg	11.975	0
1398	20190123-045-10X_crop.jpg	0.048	0
1399	20190123-045-10X_crop.jpg	0.137	0
1400	20190123-045-10X_crop.jpg	0.036	0
1401	20190123-045-10X_crop.jpg	0.002	0
1402	20190123-045-10X_crop.jpg	0.031	0
1403	20190123-045-10X_crop.jpg	0.002	0
1404	20190123-045-10X_crop.jpg	0.005	0
1405	20190123-045-10X_crop.jpg	0.005	0
1406	20190123-045-10X_crop.jpg	0.024	0
1407	20190123-045-10X_crop.jpg	0.724	0
1408	20190123-045-10X_crop.jpg	0.115	0
1409	20190123-045-10X_crop.jpg	2.863	0
1410	20190123-045-10X_crop.jpg	0.434	0
1411	20190123-045-10X_crop.jpg	0.081	0
1412	20190123-045-10X_crop.jpg	0.077	0
1413	20190123-045-10X_crop.jpg	0.029	0
1414	20190123-045-10X_crop.jpg	0.029	0
1415	20190123-045-10X_crop.jpg	0.740	0
1416	20190123-045-10X_crop.jpg	0.024	0
1417	20190123-045-10X_crop.jpg	0.017	0
1418	20190123-045-10X_crop.jpg	0.026	0
1419	20190123-045-10X_crop.jpg	0.012	0
1420	20190123-045-10X_crop.jpg	0.117	0
1421	20190123-045-10X_crop.jpg	17.353	0
1422	20190123-045-10X_crop.jpg	0.002	0
1423	20190123-045-10X_crop.jpg	0.017	0
1424	20190123-045-10X_crop.jpg	8.747	0
1425	20190123-045-10X_crop.jpg	0.108	0
1426	20190123-045-10X_crop.jpg	0.314	0
1427	20190123-045-10X_crop.jpg	0.084	0
1428	20190123-045-10X_crop.jpg	0.005	0
1429	20190123-045-10X_crop.jpg	0.343	0
1430	20190123-045-10X_crop.jpg	13.031	0
1431	20190123-045-10X_crop.jpg	0.105	0
1432	20190123-045-10X_crop.jpg	10.175	0
1433	20190123-045-10X_crop.jpg	0.012	0
1434	20190123-045-10X_crop.jpg	0.002	0
1435	20190123-045-10X_crop.jpg	0.201	0
1436	20190123-045-10X_crop.jpg	1.205	0
1437	20190123-045-10X_crop.jpg	5.110	0
1438	20190123-045-10X_crop.jpg	0.012	0
1439	20190123-045-10X_crop.jpg	12.212	0
1440	20190123-045-10X_crop.jpg	0.022	0
1441	20190123-045-10X_crop.jpg	0.247	0
1442	20190123-045-10X_crop.jpg	0.407	0
1443	20190123-045-10X_crop.jpg	0.012	0
1444	20190123-045-10X_crop.jpg	2.990	0
1445	20190123-045-10X_crop.jpg	0.417	0
1446	20190123-045-10X_crop.jpg	0.046	0
1447	20190123-045-10X_crop.jpg	0.244	0
1448	20190123-045-10X_crop.jpg	0.022	0
1449	20190123-045-10X_crop.jpg	1.006	0
1450	20190123-045-10X_crop.jpg	0.146	0
1451	20190123-045-10X_crop.jpg	0.007	0
1452	20190123-045-10X_crop.jpg	0.795	0
1453	20190123-045-10X_crop.jpg	0.046	0
1454	20190123-045-10X_crop.jpg	0.089	0
1455	20190123-045-10X_crop.jpg	0.556	0
1456	20190123-045-10X_crop.jpg	0.036	0
1457	20190123-045-10X_crop.jpg	0.352	0
1458	20190123-045-10X_crop.jpg	8.728	0
1459	20190123-045-10X_crop.jpg	0.012	0
1460	20190123-045-10X_crop.jpg	0.055	0
1461	20190123-045-10X_crop.jpg	0.024	0
1462	20190123-045-10X_crop.jpg	0.084	0
1463	20190123-045-10X_crop.jpg	0.002	0
1464	20190123-045-10X_crop.jpg	0.007	0
1465	20190123-045-10X_crop.jpg	4.840	0
1466	20190123-045-10X_crop.jpg	0.034	0
1467	20190123-045-10X_crop.jpg	2.691	0
1468	20190123-045-10X_crop.jpg	0.014	0
1469	20190123-045-10X_crop.jpg	0.295	0
1470	20190123-045-10X_crop.jpg	0.503	0
1471	20190123-045-10X_crop.jpg	0.031	0
1472	20190123-045-10X_crop.jpg	0.146	0
1473	20190123-045-10X_crop.jpg	0.024	0
1474	20190123-045-10X_crop.jpg	0.081	0
1475	20190123-045-10X_crop.jpg	0.038	0
1476	20190123-045-10X_crop.jpg	0.175	0
1477	20190123-045-10X_crop.jpg	0.012	0
1478	20190123-045-10X_crop.jpg	0.019	0
1479	20190123-045-10X_crop.jpg	1.196	0
1480	20190123-045-10X_crop.jpg	0.137	0
1481	20190123-045-10X_crop.jpg	0.604	0
1482	20190123-045-10X_crop.jpg	0.017	0
1483	20190123-045-10X_crop.jpg	0.084	0
1484	20190123-045-10X_crop.jpg	0.098	0
1485	20190123-045-10X_crop.jpg	0.019	0
1486	20190123-045-10X_crop.jpg	15.544	0
1487	20190123-045-10X_crop.jpg	0.077	0
1488	20190123-045-10X_crop.jpg	0.019	0
1489	20190123-045-10X_crop.jpg	0.050	0
1490	20190123-045-10X_crop.jpg	0.271	0
1491	20190123-045-10X_crop.jpg	5.499	0
1492	20190123-045-10X_crop.jpg	0.110	0
1493	20190123-045-10X_crop.jpg	0.144	0
1494	20190123-045-10X_crop.jpg	0.005	0
1495	20190123-045-10X_crop.jpg	0.002	0
1496	20190123-045-10X_crop.jpg	12.878	0
1497	20190123-045-10X_crop.jpg	0.002	0
1498	20190123-045-10X_crop.jpg	0.101	0
1499	20190123-045-10X_crop.jpg	0.002	0
1500	20190123-045-10X_crop.jpg	0.002	0
1501	20190123-045-10X_crop.jpg	8.096	0
1502	20190123-045-10X_crop.jpg	0.043	0
1503	20190123-045-10X_crop.jpg	0.163	0
1504	20190123-045-10X_crop.jpg	0.012	0
1505	20190123-045-10X_crop.jpg	0.041	0
1506	20190123-045-10X_crop.jpg	0.017	0
1507	20190123-045-10X_crop.jpg	0.093	0
1508	20190123-045-10X_crop.jpg	0.077	0
1509	20190123-045-10X_crop.jpg	0.002	0
1510	20190123-045-10X_crop.jpg	0.091	0
1511	20190123-045-10X_crop.jpg	0.019	0
1512	20190123-045-10X_crop.jpg	4.816	0
1513	20190123-045-10X_crop.jpg	0.031	0
1514	20190123-045-10X_crop.jpg	0.041	0
1515	20190123-045-10X_crop.jpg	15.166	0
1516	20190123-045-10X_crop.jpg	0.168	0
1517	20190123-045-10X_crop.jpg	0.019	0
1518	20190123-045-10X_crop.jpg	15.185	0
1519	20190123-045-10X_crop.jpg	0.002	0
1520	20190123-045-10X_crop.jpg	0.012	0
1521	20190123-045-10X_crop.jpg	0.946	0
1522	20190123-045-10X_crop.jpg	1.358	0
1523	20190123-045-10X_crop.jpg	0.443	0
1524	20190123-045-10X_crop.jpg	0.067	0
1525	20190123-045-10X_crop.jpg	0.065	0
1526	20190123-045-10X_crop.jpg	4.195	0
1527	20190123-045-10X_crop.jpg	1.270	0
1528	20190123-045-10X_crop.jpg	0.834	0
1529	20190123-045-10X_crop.jpg	0.019	0
1530	20190123-045-10X_crop.jpg	0.314	0
1531	20190123-045-10X_crop.jpg	0.002	0
1532	20190123-045-10X_crop.jpg	0.086	0
1533	20190123-045-10X_crop.jpg	0.043	0
1534	20190123-045-10X_crop.jpg	0.072	0
1535	20190123-045-10X_crop.jpg	0.017	0
1536	20190123-045-10X_crop.jpg	0.041	0
1537	20190123-045-10X_crop.jpg	0.307	0
1538	20190123-045-10X_crop.jpg	0.014	0
1539	20190123-045-10X_crop.jpg	0.132	0
1540	20190123-045-10X_crop.jpg	15.250	0
1541	20190123-045-10X_crop.jpg	0.005	0
1542	20190123-045-10X_crop.jpg	0.017	0
1543	20190123-045-10X_crop.jpg	0.038	0
1544	20190123-045-10X_crop.jpg	0.005	0
1545	20190123-045-10X_crop.jpg	0.026	0
1546	20190123-045-10X_crop.jpg	0.036	0
1547	20190123-045-10X_crop.jpg	0.024	0
1548	20190123-045-10X_crop.jpg	2.590	0
1549	20190123-045-10X_crop.jpg	0.002	0
1550	20190123-045-10X_crop.jpg	2.935	0
1551	20190123-045-10X_crop.jpg	0.323	0
1552	20190123-045-10X_crop.jpg	11.486	0
1553	20190123-045-10X_crop.jpg	0.002	0
1554	20190123-045-10X_crop.jpg	12.914	0
1555	20190123-045-10X_crop.jpg	0.060	0
1556	20190123-045-10X_crop.jpg	0.005	0
1557	20190123-045-10X_crop.jpg	0.002	0
1558	20190123-045-10X_crop.jpg	0.038	0
1559	20190123-045-10X_crop.jpg	0.125	0
1560	20190123-045-10X_crop.jpg	0.319	0
1561	20190123-045-10X_crop.jpg	0.091	0
1562	20190123-045-10X_crop.jpg	0.096	0
1563	20190123-045-10X_crop.jpg	0.002	0
1564	20190123-045-10X_crop.jpg	0.019	0
1565	20190123-045-10X_crop.jpg	17.452	0
1566	20190123-045-10X_crop.jpg	0.108	0
1567	20190123-045-10X_crop.jpg	0.096	0
1568	20190123-045-10X_crop.jpg	0.019	0
1569	20190123-045-10X_crop.jpg	0.079	0
1570	20190123-045-10X_crop.jpg	0.120	0
1571	20190123-045-10X_crop.jpg	0.086	0
1572	20190123-045-10X_crop.jpg	0.599	0
1573	20190123-045-10X_crop.jpg	3.237	0
1574	20190123-045-10X_crop.jpg	0.017	0
1575	20190123-045-10X_crop.jpg	0.050	0
1576	20190123-045-10X_crop.jpg	0.069	0
1577	20190123-045-10X_crop.jpg	0.115	0
1578	20190123-045-10X_crop.jpg	0.024	0
1579	20190123-045-10X_crop.jpg	1.179	0
1580	20190123-045-10X_crop.jpg	0.443	0
1581	20190123-045-10X_crop.jpg	0.141	0
1582	20190123-045-10X_crop.jpg	0.014	0
1583	20190123-045-10X_crop.jpg	3.764	0
1584	20190123-045-10X_crop.jpg	0.002	0
1585	20190123-045-10X_crop.jpg	0.002	0
1586	20190123-045-10X_crop.jpg	19.416	0
1587	20190123-045-10X_crop.jpg	1.406	0
1588	20190123-045-10X_crop.jpg	7.319	0
1589	20190123-045-10X_crop.jpg	0.089	0
1590	20190123-045-10X_crop.jpg	0.036	0
1591	20190123-045-10X_crop.jpg	0.002	0
1592	20190123-045-10X_crop.jpg	0.115	0
1593	20190123-045-10X_crop.jpg	11.488	0
1594	20190123-045-10X_crop.jpg	1.680	0
1595	20190123-045-10X_crop.jpg	0.014	0
1596	20190123-045-10X_crop.jpg	0.292	0
1597	20190123-045-10X_crop.jpg	0.002	0
1598	20190123-045-10X_crop.jpg	0.026	0
1599	20190123-045-10X_crop.jpg	0.019	0
1600	20190123-045-10X_crop.jpg	0.017	0
1601	20190123-045-10X_crop.jpg	0.074	0
1602	20190123-045-10X_crop.jpg	0.101	0
1603	20190123-045-10X_crop.jpg	10.314	0
1604	20190123-045-10X_crop.jpg	0.026	0
1605	20190123-045-10X_crop.jpg	14.267	0
1606	20190123-045-10X_crop.jpg	3.632	0
1607	20190123-045-10X_crop.jpg	0.628	0
1608	20190123-045-10X_crop.jpg	0.005	0
1609	20190123-045-10X_crop.jpg	0.611	0
1610	20190123-045-10X_crop.jpg	0.007	0
1611	20190123-045-10X_crop.jpg	0.276	0
1612	20190123-045-10X_crop.jpg	1.397	0
1613	20190123-045-10X_crop.jpg	0.462	0
1614	20190123-045-10X_crop.jpg	0.762	0
1615	20190123-045-10X_crop.jpg	0.331	0
1616	20190123-045-10X_crop.jpg	0.065	0
1617	20190123-045-10X_crop.jpg	0.002	0
1618	20190123-045-10X_crop.jpg	0.005	0
1619	20190123-045-10X_crop.jpg	13.716	0
1620	20190123-045-10X_crop.jpg	0.022	0
1621	20190123-045-10X_crop.jpg	0.077	0
1622	20190123-045-10X_crop.jpg	0.170	0
1623	20190123-045-10X_crop.jpg	0.002	0
1624	20190123-045-10X_crop.jpg	0.002	0
1625	20190123-045-10X_crop.jpg	0.089	0
1626	20190123-045-10X_crop.jpg	8.074	0
1627	20190123-045-10X_crop.jpg	0.127	0
1628	20190123-045-10X_crop.jpg	2.010	0
1629	20190123-045-10X_crop.jpg	0.053	0
1630	20190123-045-10X_crop.jpg	0.002	0
1631	20190123-045-10X_crop.jpg	17.205	0
1632	20190123-045-10X_crop.jpg	0.022	0
1633	20190123-045-10X_crop.jpg	0.036	0
1634	20190123-045-10X_crop.jpg	0.180	0
1635	20190123-045-10X_crop.jpg	0.577	0
1636	20190123-045-10X_crop.jpg	0.065	0
1637	20190123-045-10X_crop.jpg	0.002	0
1638	20190123-045-10X_crop.jpg	1.701	0
1639	20190123-045-10X_crop.jpg	0.117	0
1640	20190123-045-10X_crop.jpg	0.022	0
1641	20190123-045-10X_crop.jpg	0.333	0
1642	20190123-045-10X_crop.jpg	0.127	0
1643	20190123-045-10X_crop.jpg	0.014	0
1644	20190123-045-10X_crop.jpg	6.838	0
1645	20190123-045-10X_crop.jpg	0.065	0
1646	20190123-045-10X_crop.jpg	13.307	0
1647	20190123-045-10X_crop.jpg	0.031	0
1648	20190123-045-10X_crop.jpg	0.096	0
1649	20190123-045-10X_crop.jpg	19.972	0
1650	20190123-045-10X_crop.jpg	8.093	0
1651	20190123-045-10X_crop.jpg	0.010	0
1652	20190123-045-10X_crop.jpg	0.055	0
1653	20190123-045-10X_crop.jpg	0.002	0
1654	20190123-045-10X_crop.jpg	10.386	0
1655	20190123-045-10X_crop.jpg	0.029	0
1656	20190123-045-10X_crop.jpg	0.333	0
1657	20190123-045-10X_crop.jpg	0.065	0
1658	20190123-045-10X_crop.jpg	0.019	0
1659	20190123-045-10X_crop.jpg	0.046	0
1660	20190123-045-10X_crop.jpg	0.002	0
1661	20190123-045-10X_crop.jpg	0.002	0
1662	20190123-045-10X_crop.jpg	0.034	0
1663	20190123-045-10X_crop.jpg	0.007	0
1664	20190123-045-10X_crop.jpg	0.005	0
1665	20190123-045-10X_crop.jpg	0.017	0
1666	20190123-045-10X_crop.jpg	0.072	0
1667	20190123-045-10X_crop.jpg	0.244	0
1668	20190123-045-10X_crop.jpg	8.316	0
1669	20190123-045-10X_crop.jpg	0.803	0
1670	20190123-045-10X_crop.jpg	0.017	0
1671	20190123-045-10X_crop.jpg	0.002	0
1672	20190123-045-10X_crop.jpg	0.069	0
1673	20190123-045-10X_crop.jpg	1.617	0
1674	20190123-045-10X_crop.jpg	1.375	0
1675	20190123-045-10X_crop.jpg	0.010	0
1676	20190123-045-10X_crop.jpg	0.007	0
1677	20190123-045-10X_crop.jpg	0.005	0
1678	20190123-045-10X_crop.jpg	0.307	0
1679	20190123-045-10X_crop.jpg	0.002	0
1680	20190123-045-10X_crop.jpg	0.494	0
1681	20190123-045-10X_crop.jpg	10.161	0
1682	20190123-045-10X_crop.jpg	3.740	0
1683	20190123-045-10X_crop.jpg	15.657	0
1684	20190123-045-10X_crop.jpg	1.006	0
1685	20190123-045-10X_crop.jpg	0.060	0
1686	20190123-045-10X_crop.jpg	0.014	0
1687	20190123-045-10X_crop.jpg	0.005	0
1688	20190123-045-10X_crop.jpg	0.007	0
1689	20190123-045-10X_crop.jpg	0.005	0
1690	20190123-045-10X_crop.jpg	0.328	0
1691	20190123-045-10X_crop.jpg	0.417	0
1692	20190123-045-10X_crop.jpg	0.010	0
1693	20190123-045-10X_crop.jpg	0.685	0
1694	20190123-045-10X_crop.jpg	0.002	0
1695	20190123-045-10X_crop.jpg	0.046	0
1696	20190123-045-10X_crop.jpg	0.079	0
1697	20190123-045-10X_crop.jpg	0.115	0
1698	20190123-045-10X_crop.jpg	0.316	0
1699	20190123-045-10X_crop.jpg	0.038	0
1700	20190123-045-10X_crop.jpg	0.014	0
1701	20190123-045-10X_crop.jpg	0.010	0
1702	20190123-045-10X_crop.jpg	1.684	0
1703	20190123-045-10X_crop.jpg	0.005	0
1704	20190123-045-10X_crop.jpg	0.175	0
1705	20190123-045-10X_crop.jpg	0.031	0
1706	20190123-045-10X_crop.jpg	0.122	0
1707	20190123-045-10X_crop.jpg	18.295	0
1708	20190123-045-10X_crop.jpg	2.396	0
1709	20190123-045-10X_crop.jpg	5.539	0
1710	20190123-045-10X_crop.jpg	0.002	0
1711	20190123-045-10X_crop.jpg	0.002	0
1712	20190123-045-10X_crop.jpg	0.019	0
1713	20190123-045-10X_crop.jpg	0.046	0
1714	20190123-045-10X_crop.jpg	0.017	0
1715	20190123-045-10X_crop.jpg	0.007	0
1716	20190123-045-10X_crop.jpg	0.101	0
1717	20190123-045-10X_crop.jpg	0.012	0
1718	20190123-045-10X_crop.jpg	0.127	0
1719	20190123-045-10X_crop.jpg	0.170	0
1720	20190123-045-10X_crop.jpg	0.031	0
1721	20190123-045-10X_crop.jpg	0.048	0
1722	20190123-045-10X_crop.jpg	0.321	0
1723	20190123-045-10X_crop.jpg	0.108	0
1724	20190123-045-10X_crop.jpg	0.012	0
1725	20190123-045-10X_crop.jpg	2.911	0
1726	20190123-045-10X_crop.jpg	1.596	0
1727	20190123-045-10X_crop.jpg	0.043	0
1728	20190123-045-10X_crop.jpg	0.081	0
1729	20190123-045-10X_crop.jpg	0.081	0
1730	20190123-045-10X_crop.jpg	0.208	0
1731	20190123-045-10X_crop.jpg	0.029	0
1732	20190123-045-10X_crop.jpg	0.017	0
1733	20190123-045-10X_crop.jpg	17.682	0
1734	20190123-045-10X_crop.jpg	11.258	0
1735	20190123-045-10X_crop.jpg	0.048	0
1736	20190123-045-10X_crop.jpg	0.115	0
1737	20190123-045-10X_crop.jpg	0.019	0
1738	20190123-045-10X_crop.jpg	5.067	0
1739	20190123-045-10X_crop.jpg	0.412	0
1740	20190123-045-10X_crop.jpg	0.002	0
1741	20190123-045-10X_crop.jpg	0.007	0
1742	20190123-045-10X_crop.jpg	0.002	0
1743	20190123-045-10X_crop.jpg	0.098	0
1744	20190123-045-10X_crop.jpg	0.031	0
1745	20190123-045-10X_crop.jpg	0.081	0
1746	20190123-045-10X_crop.jpg	0.091	0
1747	20190123-045-10X_crop.jpg	15.650	0
1748	20190123-045-10X_crop.jpg	0.098	0
1749	20190123-045-10X_crop.jpg	0.005	0
1750	20190123-045-10X_crop.jpg	0.093	0
1751	20190123-045-10X_crop.jpg	1.440	0
1752	20190123-045-10X_crop.jpg	0.002	0
1753	20190123-045-10X_crop.jpg	0.014	0
1754	20190123-045-10X_crop.jpg	0.055	0
1755	20190123-045-10X_crop.jpg	2.676	0
1756	20190123-045-10X_crop.jpg	0.151	0
1757	20190123-045-10X_crop.jpg	0.038	0
1758	20190123-045-10X_crop.jpg	2.945	0
1759	20190123-045-10X_crop.jpg	0.161	0
1760	20190123-045-10X_crop.jpg	0.002	0
1761	20190123-045-10X_crop.jpg	5.142	0
1762	20190123-045-10X_crop.jpg	0.002	0
1763	20190123-045-10X_crop.jpg	0.060	0
1764	20190123-045-10X_crop.jpg	8.227	0
1765	20190123-045-10X_crop.jpg	1.311	0
1766	20190123-045-10X_crop.jpg	0.079	0
1767	20190123-045-10X_crop.jpg	4.983	0
1768	20190123-045-10X_crop.jpg	6.502	0
1769	20190123-045-10X_crop.jpg	0.096	0
1770	20190123-045-10X_crop.jpg	1.543	0
1771	20190123-045-10X_crop.jpg	0.587	0
1772	20190123-045-10X_crop.jpg	0.002	0
1773	20190123-045-10X_crop.jpg	0.019	0
1774	20190123-045-10X_crop.jpg	0.659	0
1775	20190123-045-10X_crop.jpg	0.005	0
1776	20190123-045-10X_crop.jpg	0.129	0
1777	20190123-045-10X_crop.jpg	0.065	0
1778	20190123-045-10X_crop.jpg	0.014	0
1779	20190123-045-10X_crop.jpg	0.002	0
1780	20190123-045-10X_crop.jpg	0.371	0
1781	20190123-045-10X_crop.jpg	0.019	0
1782	20190123-045-10X_crop.jpg	0.002	0
1783	20190123-045-10X_crop.jpg	0.443	0
1784	20190123-045-10X_crop.jpg	0.216	0
1785	20190123-045-10X_crop.jpg	2.204	0
1786	20190123-045-10X_crop.jpg	0.518	0
1787	20190123-045-10X_crop.jpg	0.597	0
1788	20190123-045-10X_crop.jpg	0.002	0
1789	20190123-045-10X_crop.jpg	1.100	0
1790	20190123-045-10X_crop.jpg	0.062	0
1791	20190123-045-10X_crop.jpg	1.224	0
1792	20190123-045-10X_crop.jpg	0.007	0
1793	20190123-045-10X_crop.jpg	0.007	0
1794	20190123-045-10X_crop.jpg	16.457	0
1795	20190123-045-10X_crop.jpg	0.029	0
1796	20190123-045-10X_crop.jpg	0.002	0
1797	20190123-045-10X_crop.jpg	0.252	0
1798	20190123-045-10X_crop.jpg	20.993	0
1799	20190123-045-10X_crop.jpg	0.067	0
1800	20190123-045-10X_crop.jpg	0.010	0
1801	20190123-045-10X_crop.jpg	0.002	0
1802	20190123-045-10X_crop.jpg	0.031	0
1803	20190123-045-10X_crop.jpg	0.002	0
1804	20190123-045-10X_crop.jpg	0.014	0
1805	20190123-045-10X_crop.jpg	0.002	0
1806	20190123-045-10X_crop.jpg	0.007	0
1807	20190123-045-10X_crop.jpg	11.431	0
1808	20190123-045-10X_crop.jpg	0.012	0
1809	20190123-045-10X_crop.jpg	0.704	0
1810	20190123-045-10X_crop.jpg	3.697	0
1811	20190123-045-10X_crop.jpg	0.386	0
1812	20190123-045-10X_crop.jpg	0.012	0
1813	20190123-045-10X_crop.jpg	0.194	0
1814	20190123-045-10X_crop.jpg	0.350	0
1815	20190123-045-10X_crop.jpg	0.043	0
1816	20190123-045-10X_crop.jpg	18.094	0
1817	20190123-045-10X_crop.jpg	0.299	0
1818	20190123-045-10X_crop.jpg	0.005	0
1819	20190123-045-10X_crop.jpg	0.196	0
1820	20190123-045-10X_crop.jpg	0.220	0
1821	20190123-045-10X_crop.jpg	0.014	0
1822	20190123-045-10X_crop.jpg	0.273	0
1823	20190123-045-10X_crop.jpg	0.091	0
1824	20190123-045-10X_crop.jpg	0.134	0
1825	20190123-045-10X_crop.jpg	8.038	0
1826	20190123-045-10X_crop.jpg	5.810	0
1827	20190123-045-10X_crop.jpg	0.122	0
1828	20190123-045-10X_crop.jpg	0.012	0
1829	20190123-045-10X_crop.jpg	12.641	0
1830	20190123-045-10X_crop.jpg	0.005	0
1831	20190123-045-10X_crop.jpg	3.373	0
1832	20190123-045-10X_crop.jpg	0.079	0
1833	20190123-045-10X_crop.jpg	0.050	0
1834	20190123-045-10X_crop.jpg	9.236	0
1835	20190123-045-10X_crop.jpg	0.053	0
1836	20190123-045-10X_crop.jpg	0.232	0
1837	20190123-045-10X_crop.jpg	0.146	0
1838	20190123-045-10X_crop.jpg	10.482	0
1839	20190123-045-10X_crop.jpg	0.002	0
1840	20190123-045-10X_crop.jpg	11.907	0
1841	20190123-045-10X_crop.jpg	0.046	0
1842	20190123-045-10X_crop.jpg	0.002	0
1843	20190123-045-10X_crop.jpg	0.007	0
1844	20190123-045-10X_crop.jpg	0.005	0
1845	20190123-045-10X_crop.jpg	0.017	0
1846	20190123-045-10X_crop.jpg	0.721	0
1847	20190123-045-10X_crop.jpg	0.060	0
1848	20190123-045-10X_crop.jpg	0.012	0
1849	20190123-045-10X_crop.jpg	0.007	0
1850	20190123-045-10X_crop.jpg	0.002	0
1851	20190123-045-10X_crop.jpg	1.227	0
1852	20190123-045-10X_crop.jpg	2.506	0
1853	20190123-045-10X_crop.jpg	0.010	0
1854	20190123-045-10X_crop.jpg	0.002	0
1855	20190123-045-10X_crop.jpg	13.383	0
1856	20190123-045-10X_crop.jpg	0.002	0
1857	20190123-045-10X_crop.jpg	0.017	0
1858	20190123-045-10X_crop.jpg	0.002	0
1859	20190123-045-10X_crop.jpg	0.024	0
1860	20190123-045-10X_crop.jpg	0.105	0
1861	20190123-045-10X_crop.jpg	12.499	0
1862	20190123-045-10X_crop.jpg	0.012	0
1863	20190123-045-10X_crop.jpg	14.605	0
1864	20190123-045-10X_crop.jpg	0.014	0
1865	20190123-045-10X_crop.jpg	0.026	0
1866	20190123-045-10X_crop.jpg	0.002	0
1867	20190123-045-10X_crop.jpg	0.767	0
1868	20190123-045-10X_crop.jpg	0.558	0
1869	20190123-045-10X_crop.jpg	0.034	0
1870	20190123-045-10X_crop.jpg	0.002	0
1871	20190123-045-10X_crop.jpg	0.005	0
1872	20190123-045-10X_crop.jpg	0.002	0
1873	20190123-045-10X_crop.jpg	0.002	0
1874	20190123-045-10X_crop.jpg	0.036	0
1875	20190123-045-10X_crop.jpg	0.002	0
1876	20190123-045-10X_crop.jpg	0.007	0
1877	20190123-045-10X_crop.jpg	0.041	0
1878	20190123-045-10X_crop.jpg	0.010	0
1879	20190123-045-10X_crop.jpg	0.069	0
1880	20190123-045-10X_crop.jpg	0.002	0
1881	20190123-045-10X_crop.jpg	0.022	0
1882	20190123-045-10X_crop.jpg	0.005	0
1883	20190123-045-10X_crop.jpg	6.275	0
1884	20190123-045-10X_crop.jpg	0.002	0
1885	20190123-045-10X_crop.jpg	0.002	0
1886	20190123-045-10X_crop.jpg	0.005	0
1887	20190123-045-10X_crop.jpg	23.372	0
1888	20190123-045-10X_crop.jpg	3.187	0
1889	20190123-045-10X_crop.jpg	0.273	0
1890	20190123-045-10X_crop.jpg	8.733	0
1891	20190123-045-10X_crop.jpg	5.556	0
1892	20190123-045-10X_crop.jpg	0.002	0
1893	20190123-045-10X_crop.jpg	0.002	0
1894	20190123-045-10X_crop.jpg	0.031	0
1895	20190123-045-10X_crop.jpg	0.103	0
1896	20190123-045-10X_crop.jpg	5.733	0
1897	20190123-045-10X_crop.jpg	16.831	0
1898	20190123-045-10X_crop.jpg	0.046	0
1899	20190123-045-10X_crop.jpg	0.007	0
1900	20190123-045-10X_crop.jpg	0.002	0
1901	20190123-045-10X_crop.jpg	7.549	0
1902	20190123-045-10X_crop.jpg	0.002	0
1903	20190123-045-10X_crop.jpg	1.505	0
1904	20190123-045-10X_crop.jpg	1.862	0
1905	20190123-045-10X_crop.jpg	0.005	0
1906	20190123-045-10X_crop.jpg	0.002	0
1907	20190123-045-10X_crop.jpg	0.010	0
1908	20190123-045-10X_crop.jpg	0.084	0
1909	20190123-045-10X_crop.jpg	0.254	0
1910	20190123-045-10X_crop.jpg	0.031	0
1911	20190123-045-10X_crop.jpg	1.366	0
1912	20190123-045-10X_crop.jpg	0.091	0
1913	20190123-045-10X_crop.jpg	0.002	0
1914	20190123-045-10X_crop.jpg	27.864	0
1915	20190123-045-10X_crop.jpg	12.674	0
1916	20190123-045-10X_crop.jpg	1.737	0
1917	20190123-045-10X_crop.jpg	0.093	0
1918	20190123-045-10X_crop.jpg	0.206	0
1919	20190123-045-10X_crop.jpg	1.469	0
1920	20190123-045-10X_crop.jpg	0.002	0
1921	20190123-045-10X_crop.jpg	0.005	0
1922	20190123-045-10X_crop.jpg	0.012	0
1923	20190123-045-10X_crop.jpg	0.005	0
1924	20190123-045-10X_crop.jpg	0.280	0
1925	20190123-045-10X_crop.jpg	0.240	0
1926	20190123-045-10X_crop.jpg	0.046	0
1927	20190123-045-10X_crop.jpg	0.103	0
1928	20190123-045-10X_crop.jpg	0.137	0
1929	20190123-045-10X_crop.jpg	10.508	0
1930	20190123-045-10X_crop.jpg	0.043	0
1931	20190123-045-10X_crop.jpg	18.348	0
1932	20190123-045-10X_crop.jpg	0.019	0
1933	20190123-045-10X_crop.jpg	0.002	0
1934	20190123-045-10X_crop.jpg	0.002	0
1935	20190123-045-10X_crop.jpg	0.007	0
1936	20190123-045-10X_crop.jpg	0.007	0
1937	20190123-045-10X_crop.jpg	0.065	0
1938	20190123-045-10X_crop.jpg	0.386	0
1939	20190123-045-10X_crop.jpg	0.017	0
1940	20190123-045-10X_crop.jpg	2.633	0
1941	20190123-045-10X_crop.jpg	20.880	0
1942	20190123-045-10X_crop.jpg	9.296	0
1943	20190123-045-10X_crop.jpg	0.002	0
1944	20190123-045-10X_crop.jpg	0.093	0
1945	20190123-045-10X_crop.jpg	3.759	0
1946	20190123-045-10X_crop.jpg	0.568	0
1947	20190123-045-10X_crop.jpg	1.346	0
1948	20190123-045-10X_crop.jpg	24.148	0
1949	20190123-045-10X_crop.jpg	0.005	0
1950	20190123-045-10X_crop.jpg	0.012	0
1951	20190123-045-10X_crop.jpg	3.608	0
1952	20190123-045-10X_crop.jpg	0.017	0
1953	20190123-045-10X_crop.jpg	0.048	0
1954	20190123-045-10X_crop.jpg	4.286	0
1955	20190123-045-10X_crop.jpg	0.007	0
1956	20190123-045-10X_crop.jpg	0.199	0
1957	20190123-045-10X_crop.jpg	0.005	0
1958	20190123-045-10X_crop.jpg	0.050	0
1959	20190123-045-10X_crop.jpg	0.005	0
1960	20190123-045-10X_crop.jpg	0.058	0
1961	20190123-045-10X_crop.jpg	0.299	0
1962	20190123-045-10X_crop.jpg	1.246	0
1963	20190123-045-10X_crop.jpg	4.325	0
1964	20190123-045-10X_crop.jpg	4.607	0
1965	20190123-045-10X_crop.jpg	0.031	0
1966	20190123-045-10X_crop.jpg	4.904	0
1967	20190123-045-10X_crop.jpg	1.006	0
1968	20190123-045-10X_crop.jpg	1.699	0
1969	20190123-045-10X_crop.jpg	0.053	0
1970	20190123-045-10X_crop.jpg	5.865	0
1971	20190123-045-10X_crop.jpg	18.987	0
1972	20190123-045-10X_crop.jpg	0.002	0
1973	20190123-045-10X_crop.jpg	6.172	0
1974	20190123-045-10X_crop.jpg	0.395	0
1975	20190123-045-10X_crop.jpg	0.031	0
1976	20190123-045-10X_crop.jpg	2.559	0
1977	20190123-045-10X_crop.jpg	0.005	0
1978	20190123-045-10X_crop.jpg	0.707	0
1979	20190123-045-10X_crop.jpg	0.005	0
1980	20190123-045-10X_crop.jpg	0.101	0
1981	20190123-045-10X_crop.jpg	0.218	0
1982	20190123-045-10X_crop.jpg	0.026	0
1983	20190123-045-10X_crop.jpg	0.141	0
1984	20190123-045-10X_crop.jpg	0.010	0
1985	20190123-045-10X_crop.jpg	0.002	0
1986	20190123-045-10X_crop.jpg	0.002	0
1987	20190123-045-10X_crop.jpg	0.098	0
1988	20190123-045-10X_crop.jpg	0.005	0
1989	20190123-045-10X_crop.jpg	0.002	0
1990	20190123-045-10X_crop.jpg	1.545	0
1991	20190123-045-10X_crop.jpg	0.002	0
1992	20190123-045-10X_crop.jpg	11.656	0
1993	20190123-045-10X_crop.jpg	0.776	0
1994	20190123-045-10X_crop.jpg	3.347	0
1995	20190123-045-10X_crop.jpg	0.002	0
1996	20190123-045-10X_crop.jpg	0.002	0
1997	20190123-045-10X_crop.jpg	0.783	0
1998	20190123-045-10X_crop.jpg	0.316	0
1999	20190123-045-10X_crop.jpg	0.005	0
2000	20190123-045-10X_crop.jpg	9.581	0
2001	20190123-045-10X_crop.jpg	0.019	0
2002	20190123-045-10X_crop.jpg	0.007	0
2003	20190123-045-10X_crop.jpg	0.017	0
2004	20190123-045-10X_crop.jpg	2.290	0
2005	20190123-045-10X_crop.jpg	0.002	0
2006	20190123-045-10X_crop.jpg	0.060	0
2007	20190123-045-10X_crop.jpg	0.005	0
2008	20190123-045-10X_crop.jpg	8.323	0
2009	20190123-045-10X_crop.jpg	0.024	0
2010	20190123-045-10X_crop.jpg	0.129	0
2011	20190123-045-10X_crop.jpg	0.002	0
2012	20190123-045-10X_crop.jpg	0.005	0
2013	20190123-045-10X_crop.jpg	11.004	0
2014	20190123-045-10X_crop.jpg	0.194	0
2015	20190123-045-10X_crop.jpg	0.117	0
2016	20190123-045-10X_crop.jpg	0.065	0
2017	20190123-045-10X_crop.jpg	2.271	0
2018	20190123-045-10X_crop.jpg	0.043	0
2019	20190123-045-10X_crop.jpg	0.029	0
2020	20190123-045-10X_crop.jpg	0.043	0
2021	20190123-045-10X_crop.jpg	0.858	0
2022	20190123-045-10X_crop.jpg	0.376	0
2023	20190123-045-10X_crop.jpg	0.002	0
2024	20190123-045-10X_crop.jpg	0.101	0
2025	20190123-045-10X_crop.jpg	0.005	0
2026	20190123-045-10X_crop.jpg	6.169	0
2027	20190123-045-10X_crop.jpg	0.014	0
2028	20190123-045-10X_crop.jpg	0.010	0
2029	20190123-045-10X_crop.jpg	3.982	0
2030	20190123-045-10X_crop.jpg	0.180	0
2031	20190123-045-10X_crop.jpg	0.058	0
2032	20190123-045-10X_crop.jpg	0.007	0
2033	20190123-045-10X_crop.jpg	0.002	0
2034	20190123-045-10X_crop.jpg	2.410	0
2035	20190123-045-10X_crop.jpg	1.713	0
2036	20190123-045-10X_crop.jpg	0.925	0
2037	20190123-045-10X_crop.jpg	0.077	0
2038	20190123-045-10X_crop.jpg	0.812	0
2039	20190123-045-10X_crop.jpg	1.193	0
2040	20190123-045-10X_crop.jpg	0.189	0
2041	20190123-045-10X_crop.jpg	0.014	0
2042	20190123-045-10X_crop.jpg	0.029	0
2043	20190123-045-10X_crop.jpg	0.002	0
2044	20190123-045-10X_crop.jpg	0.105	0
2045	20190123-045-10X_crop.jpg	0.002	0
2046	20190123-045-10X_crop.jpg	0.091	0
2047	20190123-045-10X_crop.jpg	0.048	0
2048	20190123-045-10X_crop.jpg	0.002	0
2049	20190123-045-10X_crop.jpg	10646.597	0
