 	Label	Area	%Area
1	20190123-034-10X_crop.jpg	16247.972	0
2	20190123-034-10X_crop.jpg	1057.436	0
3	20190123-034-10X_crop.jpg	0.963	0
4	20190123-034-10X_crop.jpg	0.024	0
5	20190123-034-10X_crop.jpg	0.031	0
6	20190123-034-10X_crop.jpg	3.083	0
7	20190123-034-10X_crop.jpg	0.017	0
8	20190123-034-10X_crop.jpg	0.858	0
9	20190123-034-10X_crop.jpg	0.091	0
10	20190123-034-10X_crop.jpg	0.371	0
11	20190123-034-10X_crop.jpg	1.538	0
12	20190123-034-10X_crop.jpg	0.122	0
13	20190123-034-10X_crop.jpg	0.345	0
14	20190123-034-10X_crop.jpg	0.002	0
15	20190123-034-10X_crop.jpg	0.072	0
16	20190123-034-10X_crop.jpg	0.024	0
17	20190123-034-10X_crop.jpg	0.405	0
18	20190123-034-10X_crop.jpg	0.010	0
19	20190123-034-10X_crop.jpg	0.029	0
20	20190123-034-10X_crop.jpg	0.043	0
21	20190123-034-10X_crop.jpg	0.927	0
22	20190123-034-10X_crop.jpg	0.005	0
23	20190123-034-10X_crop.jpg	0.017	0
24	20190123-034-10X_crop.jpg	0.132	0
25	20190123-034-10X_crop.jpg	0.002	0
26	20190123-034-10X_crop.jpg	0.002	0
27	20190123-034-10X_crop.jpg	0.165	0
28	20190123-034-10X_crop.jpg	0.007	0
29	20190123-034-10X_crop.jpg	0.101	0
30	20190123-034-10X_crop.jpg	0.208	0
31	20190123-034-10X_crop.jpg	0.024	0
32	20190123-034-10X_crop.jpg	0.050	0
33	20190123-034-10X_crop.jpg	0.002	0
34	20190123-034-10X_crop.jpg	0.007	0
35	20190123-034-10X_crop.jpg	0.002	0
36	20190123-034-10X_crop.jpg	0.156	0
37	20190123-034-10X_crop.jpg	0.022	0
38	20190123-034-10X_crop.jpg	0.283	0
39	20190123-034-10X_crop.jpg	0.038	0
40	20190123-034-10X_crop.jpg	0.081	0
41	20190123-034-10X_crop.jpg	0.046	0
42	20190123-034-10X_crop.jpg	0.043	0
43	20190123-034-10X_crop.jpg	0.034	0
44	20190123-034-10X_crop.jpg	0.007	0
45	20190123-034-10X_crop.jpg	0.074	0
46	20190123-034-10X_crop.jpg	0.065	0
47	20190123-034-10X_crop.jpg	0.043	0
48	20190123-034-10X_crop.jpg	0.053	0
49	20190123-034-10X_crop.jpg	0.101	0
50	20190123-034-10X_crop.jpg	0.093	0
51	20190123-034-10X_crop.jpg	0.877	0
52	20190123-034-10X_crop.jpg	0.132	0
53	20190123-034-10X_crop.jpg	0.903	0
54	20190123-034-10X_crop.jpg	0.072	0
55	20190123-034-10X_crop.jpg	0.084	0
56	20190123-034-10X_crop.jpg	0.012	0
57	20190123-034-10X_crop.jpg	6.960	0
58	20190123-034-10X_crop.jpg	0.089	0
59	20190123-034-10X_crop.jpg	0.096	0
60	20190123-034-10X_crop.jpg	0.050	0
61	20190123-034-10X_crop.jpg	0.089	0
62	20190123-034-10X_crop.jpg	0.393	0
63	20190123-034-10X_crop.jpg	0.007	0
64	20190123-034-10X_crop.jpg	0.098	0
65	20190123-034-10X_crop.jpg	0.014	0
66	20190123-034-10X_crop.jpg	0.022	0
67	20190123-034-10X_crop.jpg	0.242	0
68	20190123-034-10X_crop.jpg	0.072	0
69	20190123-034-10X_crop.jpg	0.105	0
70	20190123-034-10X_crop.jpg	0.002	0
71	20190123-034-10X_crop.jpg	0.024	0
72	20190123-034-10X_crop.jpg	0.381	0
73	20190123-034-10X_crop.jpg	0.192	0
74	20190123-034-10X_crop.jpg	0.058	0
75	20190123-034-10X_crop.jpg	0.010	0
76	20190123-034-10X_crop.jpg	0.338	0
77	20190123-034-10X_crop.jpg	0.065	0
78	20190123-034-10X_crop.jpg	0.046	0
79	20190123-034-10X_crop.jpg	0.084	0
80	20190123-034-10X_crop.jpg	0.232	0
81	20190123-034-10X_crop.jpg	0.019	0
82	20190123-034-10X_crop.jpg	0.041	0
83	20190123-034-10X_crop.jpg	0.007	0
84	20190123-034-10X_crop.jpg	0.007	0
85	20190123-034-10X_crop.jpg	0.002	0
86	20190123-034-10X_crop.jpg	0.002	0
87	20190123-034-10X_crop.jpg	0.007	0
88	20190123-034-10X_crop.jpg	0.002	0
89	20190123-034-10X_crop.jpg	0.017	0
90	20190123-034-10X_crop.jpg	0.002	0
91	20190123-034-10X_crop.jpg	0.098	0
92	20190123-034-10X_crop.jpg	0.055	0
93	20190123-034-10X_crop.jpg	0.010	0
94	20190123-034-10X_crop.jpg	0.017	0
95	20190123-034-10X_crop.jpg	0.026	0
96	20190123-034-10X_crop.jpg	0.067	0
97	20190123-034-10X_crop.jpg	0.010	0
98	20190123-034-10X_crop.jpg	0.266	0
99	20190123-034-10X_crop.jpg	0.046	0
100	20190123-034-10X_crop.jpg	0.060	0
101	20190123-034-10X_crop.jpg	0.002	0
102	20190123-034-10X_crop.jpg	0.026	0
103	20190123-034-10X_crop.jpg	0.019	0
104	20190123-034-10X_crop.jpg	0.019	0
105	20190123-034-10X_crop.jpg	0.117	0
106	20190123-034-10X_crop.jpg	0.014	0
107	20190123-034-10X_crop.jpg	0.010	0
108	20190123-034-10X_crop.jpg	0.110	0
109	20190123-034-10X_crop.jpg	0.043	0
110	20190123-034-10X_crop.jpg	0.036	0
111	20190123-034-10X_crop.jpg	0.381	0
112	20190123-034-10X_crop.jpg	0.058	0
113	20190123-034-10X_crop.jpg	0.055	0
114	20190123-034-10X_crop.jpg	0.065	0
115	20190123-034-10X_crop.jpg	0.285	0
116	20190123-034-10X_crop.jpg	0.101	0
117	20190123-034-10X_crop.jpg	0.036	0
118	20190123-034-10X_crop.jpg	0.127	0
119	20190123-034-10X_crop.jpg	0.041	0
120	20190123-034-10X_crop.jpg	0.022	0
121	20190123-034-10X_crop.jpg	5.709	0
122	20190123-034-10X_crop.jpg	0.002	0
123	20190123-034-10X_crop.jpg	0.010	0
124	20190123-034-10X_crop.jpg	0.002	0
125	20190123-034-10X_crop.jpg	0.005	0
126	20190123-034-10X_crop.jpg	5.412	0
127	20190123-034-10X_crop.jpg	0.237	0
128	20190123-034-10X_crop.jpg	0.026	0
129	20190123-034-10X_crop.jpg	0.005	0
130	20190123-034-10X_crop.jpg	0.129	0
131	20190123-034-10X_crop.jpg	0.247	0
132	20190123-034-10X_crop.jpg	0.048	0
133	20190123-034-10X_crop.jpg	0.065	0
134	20190123-034-10X_crop.jpg	0.129	0
135	20190123-034-10X_crop.jpg	0.050	0
136	20190123-034-10X_crop.jpg	0.014	0
137	20190123-034-10X_crop.jpg	0.005	0
138	20190123-034-10X_crop.jpg	0.036	0
139	20190123-034-10X_crop.jpg	0.077	0
140	20190123-034-10X_crop.jpg	0.026	0
141	20190123-034-10X_crop.jpg	3.177	0
142	20190123-034-10X_crop.jpg	1.845	0
143	20190123-034-10X_crop.jpg	2.707	0
144	20190123-034-10X_crop.jpg	0.019	0
145	20190123-034-10X_crop.jpg	0.050	0
146	20190123-034-10X_crop.jpg	0.005	0
147	20190123-034-10X_crop.jpg	0.012	0
148	20190123-034-10X_crop.jpg	1.078	0
149	20190123-034-10X_crop.jpg	1.838	0
150	20190123-034-10X_crop.jpg	0.019	0
151	20190123-034-10X_crop.jpg	0.002	0
152	20190123-034-10X_crop.jpg	0.002	0
153	20190123-034-10X_crop.jpg	1.524	0
154	20190123-034-10X_crop.jpg	0.002	0
155	20190123-034-10X_crop.jpg	0.093	0
156	20190123-034-10X_crop.jpg	0.518	0
157	20190123-034-10X_crop.jpg	0.079	0
158	20190123-034-10X_crop.jpg	0.225	0
159	20190123-034-10X_crop.jpg	0.002	0
160	20190123-034-10X_crop.jpg	0.010	0
161	20190123-034-10X_crop.jpg	5.903	0
162	20190123-034-10X_crop.jpg	0.208	0
163	20190123-034-10X_crop.jpg	0.036	0
164	20190123-034-10X_crop.jpg	0.105	0
165	20190123-034-10X_crop.jpg	0.012	0
166	20190123-034-10X_crop.jpg	0.412	0
167	20190123-034-10X_crop.jpg	0.005	0
168	20190123-034-10X_crop.jpg	6.677	0
169	20190123-034-10X_crop.jpg	0.034	0
170	20190123-034-10X_crop.jpg	0.002	0
171	20190123-034-10X_crop.jpg	0.014	0
172	20190123-034-10X_crop.jpg	0.048	0
173	20190123-034-10X_crop.jpg	0.319	0
174	20190123-034-10X_crop.jpg	0.012	0
175	20190123-034-10X_crop.jpg	0.002	0
176	20190123-034-10X_crop.jpg	2.568	0
177	20190123-034-10X_crop.jpg	0.288	0
178	20190123-034-10X_crop.jpg	0.098	0
179	20190123-034-10X_crop.jpg	0.184	0
180	20190123-034-10X_crop.jpg	0.043	0
181	20190123-034-10X_crop.jpg	0.029	0
182	20190123-034-10X_crop.jpg	0.017	0
183	20190123-034-10X_crop.jpg	0.041	0
184	20190123-034-10X_crop.jpg	0.005	0
185	20190123-034-10X_crop.jpg	0.244	0
186	20190123-034-10X_crop.jpg	0.470	0
187	20190123-034-10X_crop.jpg	0.031	0
188	20190123-034-10X_crop.jpg	0.002	0
189	20190123-034-10X_crop.jpg	0.007	0
190	20190123-034-10X_crop.jpg	0.117	0
191	20190123-034-10X_crop.jpg	0.012	0
192	20190123-034-10X_crop.jpg	1.567	0
193	20190123-034-10X_crop.jpg	4.495	0
194	20190123-034-10X_crop.jpg	0.002	0
195	20190123-034-10X_crop.jpg	0.005	0
196	20190123-034-10X_crop.jpg	0.002	0
197	20190123-034-10X_crop.jpg	0.034	0
198	20190123-034-10X_crop.jpg	0.034	0
199	20190123-034-10X_crop.jpg	0.014	0
200	20190123-034-10X_crop.jpg	0.163	0
201	20190123-034-10X_crop.jpg	0.024	0
202	20190123-034-10X_crop.jpg	0.122	0
203	20190123-034-10X_crop.jpg	0.855	0
204	20190123-034-10X_crop.jpg	0.098	0
205	20190123-034-10X_crop.jpg	0.005	0
206	20190123-034-10X_crop.jpg	0.074	0
207	20190123-034-10X_crop.jpg	0.026	0
208	20190123-034-10X_crop.jpg	4.468	0
209	20190123-034-10X_crop.jpg	0.110	0
210	20190123-034-10X_crop.jpg	0.101	0
211	20190123-034-10X_crop.jpg	0.038	0
212	20190123-034-10X_crop.jpg	0.074	0
213	20190123-034-10X_crop.jpg	0.079	0
214	20190123-034-10X_crop.jpg	0.010	0
215	20190123-034-10X_crop.jpg	0.022	0
216	20190123-034-10X_crop.jpg	1.450	0
217	20190123-034-10X_crop.jpg	0.129	0
218	20190123-034-10X_crop.jpg	0.055	0
219	20190123-034-10X_crop.jpg	0.002	0
220	20190123-034-10X_crop.jpg	0.002	0
221	20190123-034-10X_crop.jpg	3.175	0
222	20190123-034-10X_crop.jpg	0.012	0
223	20190123-034-10X_crop.jpg	0.034	0
224	20190123-034-10X_crop.jpg	2.707	0
225	20190123-034-10X_crop.jpg	0.168	0
226	20190123-034-10X_crop.jpg	0.395	0
227	20190123-034-10X_crop.jpg	0.007	0
228	20190123-034-10X_crop.jpg	0.002	0
229	20190123-034-10X_crop.jpg	0.012	0
230	20190123-034-10X_crop.jpg	0.026	0
231	20190123-034-10X_crop.jpg	0.019	0
232	20190123-034-10X_crop.jpg	0.005	0
233	20190123-034-10X_crop.jpg	0.005	0
234	20190123-034-10X_crop.jpg	0.407	0
235	20190123-034-10X_crop.jpg	0.031	0
236	20190123-034-10X_crop.jpg	0.091	0
237	20190123-034-10X_crop.jpg	4.210	0
238	20190123-034-10X_crop.jpg	0.041	0
239	20190123-034-10X_crop.jpg	0.005	0
240	20190123-034-10X_crop.jpg	0.048	0
241	20190123-034-10X_crop.jpg	8.563	0
242	20190123-034-10X_crop.jpg	0.053	0
243	20190123-034-10X_crop.jpg	0.870	0
244	20190123-034-10X_crop.jpg	0.084	0
245	20190123-034-10X_crop.jpg	0.067	0
246	20190123-034-10X_crop.jpg	4.473	0
247	20190123-034-10X_crop.jpg	0.134	0
248	20190123-034-10X_crop.jpg	0.038	0
249	20190123-034-10X_crop.jpg	0.022	0
250	20190123-034-10X_crop.jpg	3.210	0
251	20190123-034-10X_crop.jpg	0.388	0
252	20190123-034-10X_crop.jpg	6.014	0
253	20190123-034-10X_crop.jpg	0.865	0
254	20190123-034-10X_crop.jpg	0.002	0
255	20190123-034-10X_crop.jpg	0.079	0
256	20190123-034-10X_crop.jpg	3.606	0
257	20190123-034-10X_crop.jpg	0.594	0
258	20190123-034-10X_crop.jpg	0.036	0
259	20190123-034-10X_crop.jpg	0.297	0
260	20190123-034-10X_crop.jpg	1.890	0
261	20190123-034-10X_crop.jpg	0.024	0
262	20190123-034-10X_crop.jpg	0.192	0
263	20190123-034-10X_crop.jpg	0.474	0
264	20190123-034-10X_crop.jpg	0.029	0
265	20190123-034-10X_crop.jpg	0.005	0
266	20190123-034-10X_crop.jpg	1.840	0
267	20190123-034-10X_crop.jpg	0.989	0
268	20190123-034-10X_crop.jpg	0.022	0
269	20190123-034-10X_crop.jpg	0.002	0
270	20190123-034-10X_crop.jpg	0.302	0
271	20190123-034-10X_crop.jpg	0.002	0
272	20190123-034-10X_crop.jpg	0.002	0
273	20190123-034-10X_crop.jpg	1.529	0
274	20190123-034-10X_crop.jpg	0.213	0
275	20190123-034-10X_crop.jpg	0.002	0
276	20190123-034-10X_crop.jpg	0.002	0
277	20190123-034-10X_crop.jpg	0.007	0
278	20190123-034-10X_crop.jpg	0.098	0
279	20190123-034-10X_crop.jpg	0.065	0
280	20190123-034-10X_crop.jpg	0.127	0
281	20190123-034-10X_crop.jpg	0.012	0
282	20190123-034-10X_crop.jpg	0.005	0
283	20190123-034-10X_crop.jpg	0.194	0
284	20190123-034-10X_crop.jpg	0.132	0
285	20190123-034-10X_crop.jpg	0.072	0
286	20190123-034-10X_crop.jpg	0.029	0
287	20190123-034-10X_crop.jpg	0.002	0
288	20190123-034-10X_crop.jpg	0.371	0
289	20190123-034-10X_crop.jpg	0.065	0
290	20190123-034-10X_crop.jpg	0.216	0
291	20190123-034-10X_crop.jpg	0.127	0
292	20190123-034-10X_crop.jpg	0.048	0
293	20190123-034-10X_crop.jpg	0.002	0
294	20190123-034-10X_crop.jpg	0.034	0
295	20190123-034-10X_crop.jpg	0.053	0
296	20190123-034-10X_crop.jpg	0.182	0
297	20190123-034-10X_crop.jpg	2.025	0
298	20190123-034-10X_crop.jpg	0.089	0
299	20190123-034-10X_crop.jpg	0.036	0
300	20190123-034-10X_crop.jpg	0.465	0
301	20190123-034-10X_crop.jpg	0.019	0
302	20190123-034-10X_crop.jpg	3.175	0
303	20190123-034-10X_crop.jpg	0.058	0
304	20190123-034-10X_crop.jpg	0.014	0
305	20190123-034-10X_crop.jpg	0.005	0
306	20190123-034-10X_crop.jpg	0.120	0
307	20190123-034-10X_crop.jpg	0.022	0
308	20190123-034-10X_crop.jpg	0.053	0
309	20190123-034-10X_crop.jpg	0.007	0
310	20190123-034-10X_crop.jpg	0.046	0
311	20190123-034-10X_crop.jpg	0.081	0
312	20190123-034-10X_crop.jpg	0.019	0
313	20190123-034-10X_crop.jpg	0.077	0
314	20190123-034-10X_crop.jpg	0.079	0
315	20190123-034-10X_crop.jpg	1.483	0
316	20190123-034-10X_crop.jpg	3.117	0
317	20190123-034-10X_crop.jpg	0.292	0
318	20190123-034-10X_crop.jpg	0.460	0
319	20190123-034-10X_crop.jpg	0.038	0
320	20190123-034-10X_crop.jpg	7.439	0
321	20190123-034-10X_crop.jpg	0.007	0
322	20190123-034-10X_crop.jpg	2.381	0
323	20190123-034-10X_crop.jpg	0.115	0
324	20190123-034-10X_crop.jpg	3.699	0
325	20190123-034-10X_crop.jpg	0.014	0
326	20190123-034-10X_crop.jpg	0.290	0
327	20190123-034-10X_crop.jpg	0.096	0
328	20190123-034-10X_crop.jpg	0.050	0
329	20190123-034-10X_crop.jpg	0.005	0
330	20190123-034-10X_crop.jpg	0.149	0
331	20190123-034-10X_crop.jpg	1.037	0
332	20190123-034-10X_crop.jpg	2.767	0
333	20190123-034-10X_crop.jpg	0.038	0
334	20190123-034-10X_crop.jpg	0.002	0
335	20190123-034-10X_crop.jpg	0.007	0
336	20190123-034-10X_crop.jpg	0.002	0
337	20190123-034-10X_crop.jpg	0.005	0
338	20190123-034-10X_crop.jpg	0.005	0
339	20190123-034-10X_crop.jpg	0.002	0
340	20190123-034-10X_crop.jpg	0.031	0
341	20190123-034-10X_crop.jpg	0.050	0
342	20190123-034-10X_crop.jpg	0.783	0
343	20190123-034-10X_crop.jpg	0.002	0
344	20190123-034-10X_crop.jpg	0.002	0
345	20190123-034-10X_crop.jpg	0.050	0
346	20190123-034-10X_crop.jpg	0.005	0
347	20190123-034-10X_crop.jpg	0.541	0
348	20190123-034-10X_crop.jpg	0.034	0
349	20190123-034-10X_crop.jpg	0.005	0
350	20190123-034-10X_crop.jpg	0.093	0
351	20190123-034-10X_crop.jpg	0.268	0
352	20190123-034-10X_crop.jpg	0.067	0
353	20190123-034-10X_crop.jpg	0.010	0
354	20190123-034-10X_crop.jpg	1.330	0
355	20190123-034-10X_crop.jpg	0.024	0
356	20190123-034-10X_crop.jpg	0.002	0
357	20190123-034-10X_crop.jpg	0.024	0
358	20190123-034-10X_crop.jpg	0.357	0
359	20190123-034-10X_crop.jpg	0.137	0
360	20190123-034-10X_crop.jpg	0.053	0
361	20190123-034-10X_crop.jpg	0.196	0
362	20190123-034-10X_crop.jpg	2.750	0
363	20190123-034-10X_crop.jpg	0.058	0
364	20190123-034-10X_crop.jpg	0.014	0
365	20190123-034-10X_crop.jpg	0.081	0
366	20190123-034-10X_crop.jpg	0.980	0
367	20190123-034-10X_crop.jpg	0.038	0
368	20190123-034-10X_crop.jpg	0.005	0
369	20190123-034-10X_crop.jpg	0.460	0
370	20190123-034-10X_crop.jpg	0.026	0
371	20190123-034-10X_crop.jpg	0.002	0
372	20190123-034-10X_crop.jpg	0.010	0
373	20190123-034-10X_crop.jpg	0.316	0
374	20190123-034-10X_crop.jpg	0.034	0
375	20190123-034-10X_crop.jpg	0.002	0
376	20190123-034-10X_crop.jpg	0.065	0
377	20190123-034-10X_crop.jpg	0.041	0
378	20190123-034-10X_crop.jpg	0.175	0
379	20190123-034-10X_crop.jpg	0.034	0
380	20190123-034-10X_crop.jpg	0.288	0
381	20190123-034-10X_crop.jpg	0.311	0
382	20190123-034-10X_crop.jpg	0.007	0
383	20190123-034-10X_crop.jpg	0.002	0
384	20190123-034-10X_crop.jpg	0.141	0
385	20190123-034-10X_crop.jpg	0.161	0
386	20190123-034-10X_crop.jpg	0.551	0
387	20190123-034-10X_crop.jpg	0.024	0
388	20190123-034-10X_crop.jpg	0.264	0
389	20190123-034-10X_crop.jpg	0.053	0
390	20190123-034-10X_crop.jpg	0.022	0
391	20190123-034-10X_crop.jpg	0.005	0
392	20190123-034-10X_crop.jpg	2.338	0
393	20190123-034-10X_crop.jpg	0.165	0
394	20190123-034-10X_crop.jpg	0.163	0
395	20190123-034-10X_crop.jpg	0.005	0
396	20190123-034-10X_crop.jpg	0.007	0
397	20190123-034-10X_crop.jpg	0.252	0
398	20190123-034-10X_crop.jpg	0.010	0
399	20190123-034-10X_crop.jpg	0.180	0
400	20190123-034-10X_crop.jpg	0.149	0
401	20190123-034-10X_crop.jpg	0.022	0
402	20190123-034-10X_crop.jpg	0.017	0
403	20190123-034-10X_crop.jpg	0.628	0
404	20190123-034-10X_crop.jpg	0.002	0
405	20190123-034-10X_crop.jpg	0.357	0
406	20190123-034-10X_crop.jpg	0.002	0
407	20190123-034-10X_crop.jpg	0.022	0
408	20190123-034-10X_crop.jpg	0.031	0
409	20190123-034-10X_crop.jpg	1.116	0
410	20190123-034-10X_crop.jpg	0.034	0
411	20190123-034-10X_crop.jpg	0.242	0
412	20190123-034-10X_crop.jpg	0.012	0
413	20190123-034-10X_crop.jpg	0.098	0
414	20190123-034-10X_crop.jpg	0.038	0
415	20190123-034-10X_crop.jpg	0.156	0
416	20190123-034-10X_crop.jpg	0.043	0
417	20190123-034-10X_crop.jpg	0.352	0
418	20190123-034-10X_crop.jpg	0.026	0
419	20190123-034-10X_crop.jpg	0.029	0
420	20190123-034-10X_crop.jpg	0.093	0
421	20190123-034-10X_crop.jpg	0.254	0
422	20190123-034-10X_crop.jpg	0.046	0
423	20190123-034-10X_crop.jpg	1.989	0
424	20190123-034-10X_crop.jpg	4.152	0
425	20190123-034-10X_crop.jpg	0.944	0
426	20190123-034-10X_crop.jpg	0.069	0
427	20190123-034-10X_crop.jpg	0.223	0
428	20190123-034-10X_crop.jpg	0.453	0
429	20190123-034-10X_crop.jpg	0.012	0
430	20190123-034-10X_crop.jpg	0.055	0
431	20190123-034-10X_crop.jpg	0.050	0
432	20190123-034-10X_crop.jpg	0.026	0
433	20190123-034-10X_crop.jpg	0.970	0
434	20190123-034-10X_crop.jpg	0.014	0
435	20190123-034-10X_crop.jpg	0.046	0
436	20190123-034-10X_crop.jpg	0.007	0
437	20190123-034-10X_crop.jpg	1.073	0
438	20190123-034-10X_crop.jpg	0.007	0
439	20190123-034-10X_crop.jpg	0.129	0
440	20190123-034-10X_crop.jpg	1.148	0
441	20190123-034-10X_crop.jpg	0.026	0
442	20190123-034-10X_crop.jpg	0.067	0
443	20190123-034-10X_crop.jpg	0.029	0
444	20190123-034-10X_crop.jpg	0.012	0
445	20190123-034-10X_crop.jpg	0.050	0
446	20190123-034-10X_crop.jpg	0.012	0
447	20190123-034-10X_crop.jpg	0.077	0
448	20190123-034-10X_crop.jpg	0.022	0
449	20190123-034-10X_crop.jpg	0.050	0
450	20190123-034-10X_crop.jpg	0.034	0
451	20190123-034-10X_crop.jpg	0.031	0
452	20190123-034-10X_crop.jpg	0.101	0
453	20190123-034-10X_crop.jpg	0.043	0
454	20190123-034-10X_crop.jpg	0.010	0
455	20190123-034-10X_crop.jpg	0.007	0
456	20190123-034-10X_crop.jpg	0.079	0
457	20190123-034-10X_crop.jpg	0.005	0
458	20190123-034-10X_crop.jpg	0.748	0
459	20190123-034-10X_crop.jpg	0.072	0
460	20190123-034-10X_crop.jpg	0.839	0
461	20190123-034-10X_crop.jpg	0.002	0
462	20190123-034-10X_crop.jpg	0.041	0
463	20190123-034-10X_crop.jpg	0.002	0
464	20190123-034-10X_crop.jpg	0.182	0
465	20190123-034-10X_crop.jpg	0.002	0
466	20190123-034-10X_crop.jpg	0.002	0
467	20190123-034-10X_crop.jpg	0.156	0
468	20190123-034-10X_crop.jpg	0.086	0
469	20190123-034-10X_crop.jpg	0.352	0
470	20190123-034-10X_crop.jpg	0.005	0
471	20190123-034-10X_crop.jpg	0.002	0
472	20190123-034-10X_crop.jpg	0.069	0
473	20190123-034-10X_crop.jpg	0.026	0
474	20190123-034-10X_crop.jpg	0.005	0
475	20190123-034-10X_crop.jpg	0.014	0
476	20190123-034-10X_crop.jpg	2.786	0
477	20190123-034-10X_crop.jpg	0.029	0
478	20190123-034-10X_crop.jpg	0.153	0
479	20190123-034-10X_crop.jpg	0.005	0
480	20190123-034-10X_crop.jpg	0.026	0
481	20190123-034-10X_crop.jpg	0.026	0
482	20190123-034-10X_crop.jpg	0.002	0
483	20190123-034-10X_crop.jpg	3.690	0
484	20190123-034-10X_crop.jpg	0.232	0
485	20190123-034-10X_crop.jpg	0.494	0
486	20190123-034-10X_crop.jpg	0.220	0
487	20190123-034-10X_crop.jpg	0.192	0
488	20190123-034-10X_crop.jpg	2.585	0
489	20190123-034-10X_crop.jpg	0.055	0
490	20190123-034-10X_crop.jpg	0.012	0
491	20190123-034-10X_crop.jpg	0.491	0
492	20190123-034-10X_crop.jpg	0.395	0
493	20190123-034-10X_crop.jpg	0.062	0
494	20190123-034-10X_crop.jpg	0.364	0
495	20190123-034-10X_crop.jpg	1.493	0
496	20190123-034-10X_crop.jpg	0.220	0
497	20190123-034-10X_crop.jpg	0.180	0
498	20190123-034-10X_crop.jpg	0.029	0
499	20190123-034-10X_crop.jpg	0.002	0
500	20190123-034-10X_crop.jpg	0.973	0
501	20190123-034-10X_crop.jpg	0.002	0
502	20190123-034-10X_crop.jpg	0.002	0
503	20190123-034-10X_crop.jpg	0.005	0
504	20190123-034-10X_crop.jpg	0.175	0
505	20190123-034-10X_crop.jpg	0.055	0
506	20190123-034-10X_crop.jpg	0.079	0
507	20190123-034-10X_crop.jpg	0.103	0
508	20190123-034-10X_crop.jpg	0.019	0
509	20190123-034-10X_crop.jpg	0.328	0
510	20190123-034-10X_crop.jpg	0.182	0
511	20190123-034-10X_crop.jpg	0.173	0
512	20190123-034-10X_crop.jpg	0.062	0
513	20190123-034-10X_crop.jpg	0.103	0
514	20190123-034-10X_crop.jpg	1.186	0
515	20190123-034-10X_crop.jpg	2.180	0
516	20190123-034-10X_crop.jpg	0.388	0
517	20190123-034-10X_crop.jpg	0.026	0
518	20190123-034-10X_crop.jpg	2.032	0
519	20190123-034-10X_crop.jpg	0.314	0
520	20190123-034-10X_crop.jpg	0.812	0
521	20190123-034-10X_crop.jpg	0.127	0
522	20190123-034-10X_crop.jpg	0.029	0
523	20190123-034-10X_crop.jpg	4.971	0
524	20190123-034-10X_crop.jpg	0.247	0
525	20190123-034-10X_crop.jpg	0.175	0
526	20190123-034-10X_crop.jpg	0.096	0
527	20190123-034-10X_crop.jpg	0.173	0
528	20190123-034-10X_crop.jpg	0.069	0
529	20190123-034-10X_crop.jpg	0.592	0
530	20190123-034-10X_crop.jpg	0.010	0
531	20190123-034-10X_crop.jpg	0.038	0
532	20190123-034-10X_crop.jpg	0.577	0
533	20190123-034-10X_crop.jpg	0.058	0
534	20190123-034-10X_crop.jpg	0.005	0
535	20190123-034-10X_crop.jpg	0.007	0
536	20190123-034-10X_crop.jpg	0.513	0
537	20190123-034-10X_crop.jpg	3.833	0
538	20190123-034-10X_crop.jpg	0.125	0
539	20190123-034-10X_crop.jpg	0.005	0
540	20190123-034-10X_crop.jpg	0.007	0
541	20190123-034-10X_crop.jpg	1.660	0
542	20190123-034-10X_crop.jpg	1.160	0
543	20190123-034-10X_crop.jpg	0.026	0
544	20190123-034-10X_crop.jpg	0.050	0
545	20190123-034-10X_crop.jpg	0.060	0
546	20190123-034-10X_crop.jpg	0.069	0
547	20190123-034-10X_crop.jpg	1.663	0
548	20190123-034-10X_crop.jpg	0.204	0
549	20190123-034-10X_crop.jpg	0.144	0
550	20190123-034-10X_crop.jpg	0.232	0
551	20190123-034-10X_crop.jpg	0.002	0
552	20190123-034-10X_crop.jpg	0.093	0
553	20190123-034-10X_crop.jpg	0.067	0
554	20190123-034-10X_crop.jpg	5.225	0
555	20190123-034-10X_crop.jpg	0.283	0
556	20190123-034-10X_crop.jpg	0.050	0
557	20190123-034-10X_crop.jpg	0.093	0
558	20190123-034-10X_crop.jpg	0.069	0
559	20190123-034-10X_crop.jpg	0.149	0
560	20190123-034-10X_crop.jpg	0.098	0
561	20190123-034-10X_crop.jpg	0.101	0
562	20190123-034-10X_crop.jpg	0.002	0
563	20190123-034-10X_crop.jpg	0.043	0
564	20190123-034-10X_crop.jpg	0.199	0
565	20190123-034-10X_crop.jpg	0.093	0
566	20190123-034-10X_crop.jpg	7.382	0
567	20190123-034-10X_crop.jpg	0.002	0
568	20190123-034-10X_crop.jpg	0.022	0
569	20190123-034-10X_crop.jpg	5.340	0
570	20190123-034-10X_crop.jpg	0.271	0
571	20190123-034-10X_crop.jpg	1.313	0
572	20190123-034-10X_crop.jpg	0.002	0
573	20190123-034-10X_crop.jpg	0.081	0
574	20190123-034-10X_crop.jpg	0.002	0
575	20190123-034-10X_crop.jpg	0.017	0
576	20190123-034-10X_crop.jpg	0.031	0
577	20190123-034-10X_crop.jpg	0.081	0
578	20190123-034-10X_crop.jpg	0.256	0
579	20190123-034-10X_crop.jpg	0.050	0
580	20190123-034-10X_crop.jpg	0.443	0
581	20190123-034-10X_crop.jpg	7.104	0
582	20190123-034-10X_crop.jpg	6.462	0
583	20190123-034-10X_crop.jpg	0.034	0
584	20190123-034-10X_crop.jpg	0.508	0
585	20190123-034-10X_crop.jpg	0.103	0
586	20190123-034-10X_crop.jpg	0.637	0
587	20190123-034-10X_crop.jpg	0.034	0
588	20190123-034-10X_crop.jpg	0.218	0
589	20190123-034-10X_crop.jpg	0.002	0
590	20190123-034-10X_crop.jpg	1.636	0
591	20190123-034-10X_crop.jpg	0.086	0
592	20190123-034-10X_crop.jpg	0.029	0
593	20190123-034-10X_crop.jpg	1.217	0
594	20190123-034-10X_crop.jpg	0.173	0
595	20190123-034-10X_crop.jpg	2.197	0
596	20190123-034-10X_crop.jpg	0.173	0
597	20190123-034-10X_crop.jpg	0.041	0
598	20190123-034-10X_crop.jpg	0.019	0
599	20190123-034-10X_crop.jpg	0.120	0
600	20190123-034-10X_crop.jpg	0.060	0
601	20190123-034-10X_crop.jpg	0.002	0
602	20190123-034-10X_crop.jpg	0.177	0
603	20190123-034-10X_crop.jpg	0.010	0
604	20190123-034-10X_crop.jpg	0.002	0
605	20190123-034-10X_crop.jpg	0.086	0
606	20190123-034-10X_crop.jpg	0.053	0
607	20190123-034-10X_crop.jpg	0.031	0
608	20190123-034-10X_crop.jpg	0.031	0
609	20190123-034-10X_crop.jpg	0.014	0
610	20190123-034-10X_crop.jpg	0.002	0
611	20190123-034-10X_crop.jpg	1.275	0
612	20190123-034-10X_crop.jpg	0.086	0
613	20190123-034-10X_crop.jpg	0.424	0
614	20190123-034-10X_crop.jpg	0.980	0
615	20190123-034-10X_crop.jpg	0.053	0
616	20190123-034-10X_crop.jpg	0.024	0
617	20190123-034-10X_crop.jpg	0.283	0
618	20190123-034-10X_crop.jpg	0.038	0
619	20190123-034-10X_crop.jpg	0.053	0
620	20190123-034-10X_crop.jpg	0.311	0
621	20190123-034-10X_crop.jpg	0.134	0
622	20190123-034-10X_crop.jpg	0.005	0
623	20190123-034-10X_crop.jpg	0.098	0
624	20190123-034-10X_crop.jpg	0.048	0
625	20190123-034-10X_crop.jpg	0.038	0
626	20190123-034-10X_crop.jpg	0.005	0
627	20190123-034-10X_crop.jpg	0.002	0
628	20190123-034-10X_crop.jpg	0.067	0
629	20190123-034-10X_crop.jpg	0.043	0
630	20190123-034-10X_crop.jpg	0.074	0
631	20190123-034-10X_crop.jpg	0.077	0
632	20190123-034-10X_crop.jpg	0.002	0
633	20190123-034-10X_crop.jpg	0.002	0
634	20190123-034-10X_crop.jpg	0.755	0
635	20190123-034-10X_crop.jpg	0.014	0
636	20190123-034-10X_crop.jpg	0.002	0
637	20190123-034-10X_crop.jpg	0.024	0
638	20190123-034-10X_crop.jpg	0.120	0
639	20190123-034-10X_crop.jpg	0.055	0
640	20190123-034-10X_crop.jpg	2.140	0
641	20190123-034-10X_crop.jpg	4.044	0
642	20190123-034-10X_crop.jpg	0.755	0
643	20190123-034-10X_crop.jpg	0.014	0
644	20190123-034-10X_crop.jpg	0.192	0
645	20190123-034-10X_crop.jpg	0.036	0
646	20190123-034-10X_crop.jpg	0.005	0
647	20190123-034-10X_crop.jpg	0.007	0
648	20190123-034-10X_crop.jpg	0.096	0
649	20190123-034-10X_crop.jpg	0.019	0
650	20190123-034-10X_crop.jpg	0.002	0
651	20190123-034-10X_crop.jpg	0.053	0
652	20190123-034-10X_crop.jpg	0.228	0
653	20190123-034-10X_crop.jpg	0.050	0
654	20190123-034-10X_crop.jpg	0.019	0
655	20190123-034-10X_crop.jpg	0.024	0
656	20190123-034-10X_crop.jpg	0.527	0
657	20190123-034-10X_crop.jpg	0.081	0
658	20190123-034-10X_crop.jpg	0.146	0
659	20190123-034-10X_crop.jpg	0.134	0
660	20190123-034-10X_crop.jpg	0.129	0
661	20190123-034-10X_crop.jpg	0.199	0
662	20190123-034-10X_crop.jpg	0.048	0
663	20190123-034-10X_crop.jpg	0.216	0
664	20190123-034-10X_crop.jpg	0.139	0
665	20190123-034-10X_crop.jpg	0.002	0
666	20190123-034-10X_crop.jpg	0.599	0
667	20190123-034-10X_crop.jpg	0.034	0
668	20190123-034-10X_crop.jpg	0.089	0
669	20190123-034-10X_crop.jpg	0.026	0
670	20190123-034-10X_crop.jpg	0.448	0
671	20190123-034-10X_crop.jpg	7.116	0
672	20190123-034-10X_crop.jpg	5.899	0
673	20190123-034-10X_crop.jpg	0.005	0
674	20190123-034-10X_crop.jpg	0.002	0
675	20190123-034-10X_crop.jpg	0.067	0
676	20190123-034-10X_crop.jpg	0.014	0
677	20190123-034-10X_crop.jpg	0.005	0
678	20190123-034-10X_crop.jpg	0.079	0
679	20190123-034-10X_crop.jpg	0.225	0
680	20190123-034-10X_crop.jpg	0.074	0
681	20190123-034-10X_crop.jpg	0.022	0
682	20190123-034-10X_crop.jpg	0.110	0
683	20190123-034-10X_crop.jpg	1.054	0
684	20190123-034-10X_crop.jpg	0.117	0
685	20190123-034-10X_crop.jpg	0.017	0
686	20190123-034-10X_crop.jpg	0.089	0
687	20190123-034-10X_crop.jpg	0.149	0
688	20190123-034-10X_crop.jpg	0.086	0
689	20190123-034-10X_crop.jpg	0.113	0
690	20190123-034-10X_crop.jpg	0.196	0
691	20190123-034-10X_crop.jpg	0.153	0
692	20190123-034-10X_crop.jpg	0.005	0
693	20190123-034-10X_crop.jpg	0.024	0
694	20190123-034-10X_crop.jpg	2.935	0
695	20190123-034-10X_crop.jpg	0.369	0
696	20190123-034-10X_crop.jpg	0.012	0
697	20190123-034-10X_crop.jpg	0.589	0
698	20190123-034-10X_crop.jpg	0.211	0
699	20190123-034-10X_crop.jpg	0.395	0
700	20190123-034-10X_crop.jpg	0.067	0
701	20190123-034-10X_crop.jpg	0.024	0
702	20190123-034-10X_crop.jpg	5.103	0
703	20190123-034-10X_crop.jpg	0.038	0
704	20190123-034-10X_crop.jpg	0.029	0
705	20190123-034-10X_crop.jpg	0.055	0
706	20190123-034-10X_crop.jpg	0.173	0
707	20190123-034-10X_crop.jpg	0.002	0
708	20190123-034-10X_crop.jpg	0.017	0
709	20190123-034-10X_crop.jpg	0.256	0
710	20190123-034-10X_crop.jpg	0.002	0
711	20190123-034-10X_crop.jpg	0.014	0
712	20190123-034-10X_crop.jpg	0.913	0
713	20190123-034-10X_crop.jpg	0.041	0
714	20190123-034-10X_crop.jpg	0.002	0
715	20190123-034-10X_crop.jpg	0.010	0
716	20190123-034-10X_crop.jpg	2.238	0
717	20190123-034-10X_crop.jpg	0.477	0
718	20190123-034-10X_crop.jpg	0.002	0
719	20190123-034-10X_crop.jpg	0.024	0
720	20190123-034-10X_crop.jpg	0.122	0
721	20190123-034-10X_crop.jpg	0.103	0
722	20190123-034-10X_crop.jpg	2.734	0
723	20190123-034-10X_crop.jpg	0.002	0
724	20190123-034-10X_crop.jpg	0.022	0
725	20190123-034-10X_crop.jpg	0.012	0
726	20190123-034-10X_crop.jpg	0.649	0
727	20190123-034-10X_crop.jpg	0.036	0
728	20190123-034-10X_crop.jpg	0.002	0
729	20190123-034-10X_crop.jpg	0.081	0
730	20190123-034-10X_crop.jpg	0.029	0
731	20190123-034-10X_crop.jpg	0.005	0
732	20190123-034-10X_crop.jpg	1.138	0
733	20190123-034-10X_crop.jpg	0.067	0
734	20190123-034-10X_crop.jpg	0.101	0
735	20190123-034-10X_crop.jpg	4.950	0
736	20190123-034-10X_crop.jpg	5.156	0
737	20190123-034-10X_crop.jpg	0.074	0
738	20190123-034-10X_crop.jpg	0.010	0
739	20190123-034-10X_crop.jpg	0.208	0
740	20190123-034-10X_crop.jpg	0.046	0
741	20190123-034-10X_crop.jpg	0.002	0
742	20190123-034-10X_crop.jpg	0.149	0
743	20190123-034-10X_crop.jpg	0.541	0
744	20190123-034-10X_crop.jpg	0.137	0
745	20190123-034-10X_crop.jpg	0.031	0
746	20190123-034-10X_crop.jpg	0.098	0
747	20190123-034-10X_crop.jpg	0.005	0
748	20190123-034-10X_crop.jpg	0.077	0
749	20190123-034-10X_crop.jpg	5.743	0
750	20190123-034-10X_crop.jpg	0.199	0
751	20190123-034-10X_crop.jpg	0.046	0
752	20190123-034-10X_crop.jpg	0.093	0
753	20190123-034-10X_crop.jpg	0.029	0
754	20190123-034-10X_crop.jpg	0.525	0
755	20190123-034-10X_crop.jpg	0.089	0
756	20190123-034-10X_crop.jpg	0.261	0
757	20190123-034-10X_crop.jpg	0.141	0
758	20190123-034-10X_crop.jpg	0.067	0
759	20190123-034-10X_crop.jpg	2.556	0
760	20190123-034-10X_crop.jpg	0.053	0
761	20190123-034-10X_crop.jpg	0.031	0
762	20190123-034-10X_crop.jpg	0.002	0
763	20190123-034-10X_crop.jpg	0.002	0
764	20190123-034-10X_crop.jpg	0.091	0
765	20190123-034-10X_crop.jpg	0.158	0
766	20190123-034-10X_crop.jpg	0.105	0
767	20190123-034-10X_crop.jpg	0.014	0
768	20190123-034-10X_crop.jpg	0.002	0
769	20190123-034-10X_crop.jpg	0.034	0
770	20190123-034-10X_crop.jpg	0.017	0
771	20190123-034-10X_crop.jpg	0.046	0
772	20190123-034-10X_crop.jpg	0.115	0
773	20190123-034-10X_crop.jpg	0.316	0
774	20190123-034-10X_crop.jpg	0.096	0
775	20190123-034-10X_crop.jpg	0.060	0
776	20190123-034-10X_crop.jpg	0.081	0
777	20190123-034-10X_crop.jpg	0.079	0
778	20190123-034-10X_crop.jpg	3.663	0
779	20190123-034-10X_crop.jpg	0.012	0
780	20190123-034-10X_crop.jpg	1.864	0
781	20190123-034-10X_crop.jpg	0.031	0
782	20190123-034-10X_crop.jpg	1.227	0
783	20190123-034-10X_crop.jpg	0.002	0
784	20190123-034-10X_crop.jpg	0.050	0
785	20190123-034-10X_crop.jpg	0.002	0
786	20190123-034-10X_crop.jpg	0.465	0
787	20190123-034-10X_crop.jpg	0.007	0
788	20190123-034-10X_crop.jpg	0.086	0
789	20190123-034-10X_crop.jpg	2.386	0
790	20190123-034-10X_crop.jpg	0.031	0
791	20190123-034-10X_crop.jpg	0.005	0
792	20190123-034-10X_crop.jpg	0.002	0
793	20190123-034-10X_crop.jpg	0.069	0
794	20190123-034-10X_crop.jpg	0.002	0
795	20190123-034-10X_crop.jpg	0.005	0
796	20190123-034-10X_crop.jpg	0.002	0
797	20190123-034-10X_crop.jpg	0.002	0
798	20190123-034-10X_crop.jpg	0.060	0
799	20190123-034-10X_crop.jpg	0.244	0
800	20190123-034-10X_crop.jpg	0.022	0
801	20190123-034-10X_crop.jpg	0.604	0
802	20190123-034-10X_crop.jpg	3.266	0
803	20190123-034-10X_crop.jpg	0.065	0
804	20190123-034-10X_crop.jpg	4.059	0
805	20190123-034-10X_crop.jpg	0.419	0
806	20190123-034-10X_crop.jpg	0.249	0
807	20190123-034-10X_crop.jpg	1.028	0
808	20190123-034-10X_crop.jpg	0.565	0
809	20190123-034-10X_crop.jpg	0.072	0
810	20190123-034-10X_crop.jpg	0.005	0
811	20190123-034-10X_crop.jpg	0.031	0
812	20190123-034-10X_crop.jpg	0.199	0
813	20190123-034-10X_crop.jpg	0.144	0
814	20190123-034-10X_crop.jpg	0.002	0
815	20190123-034-10X_crop.jpg	0.002	0
816	20190123-034-10X_crop.jpg	0.005	0
817	20190123-034-10X_crop.jpg	0.103	0
818	20190123-034-10X_crop.jpg	0.002	0
819	20190123-034-10X_crop.jpg	0.005	0
820	20190123-034-10X_crop.jpg	0.002	0
821	20190123-034-10X_crop.jpg	0.014	0
822	20190123-034-10X_crop.jpg	0.093	0
823	20190123-034-10X_crop.jpg	0.002	0
824	20190123-034-10X_crop.jpg	0.575	0
825	20190123-034-10X_crop.jpg	3.127	0
826	20190123-034-10X_crop.jpg	0.050	0
827	20190123-034-10X_crop.jpg	0.022	0
828	20190123-034-10X_crop.jpg	0.161	0
829	20190123-034-10X_crop.jpg	0.005	0
830	20190123-034-10X_crop.jpg	0.019	0
831	20190123-034-10X_crop.jpg	0.026	0
832	20190123-034-10X_crop.jpg	0.014	0
833	20190123-034-10X_crop.jpg	0.002	0
834	20190123-034-10X_crop.jpg	0.518	0
835	20190123-034-10X_crop.jpg	5.702	0
836	20190123-034-10X_crop.jpg	0.014	0
837	20190123-034-10X_crop.jpg	0.005	0
838	20190123-034-10X_crop.jpg	0.283	0
839	20190123-034-10X_crop.jpg	0.132	0
840	20190123-034-10X_crop.jpg	0.247	0
841	20190123-034-10X_crop.jpg	0.103	0
842	20190123-034-10X_crop.jpg	1.394	0
843	20190123-034-10X_crop.jpg	0.019	0
844	20190123-034-10X_crop.jpg	0.002	0
845	20190123-034-10X_crop.jpg	0.055	0
846	20190123-034-10X_crop.jpg	0.002	0
847	20190123-034-10X_crop.jpg	0.165	0
848	20190123-034-10X_crop.jpg	0.010	0
849	20190123-034-10X_crop.jpg	0.026	0
850	20190123-034-10X_crop.jpg	0.137	0
851	20190123-034-10X_crop.jpg	0.230	0
852	20190123-034-10X_crop.jpg	0.005	0
853	20190123-034-10X_crop.jpg	0.048	0
854	20190123-034-10X_crop.jpg	2.961	0
855	20190123-034-10X_crop.jpg	0.022	0
856	20190123-034-10X_crop.jpg	0.022	0
857	20190123-034-10X_crop.jpg	0.005	0
858	20190123-034-10X_crop.jpg	0.007	0
859	20190123-034-10X_crop.jpg	0.105	0
860	20190123-034-10X_crop.jpg	0.081	0
861	20190123-034-10X_crop.jpg	0.103	0
862	20190123-034-10X_crop.jpg	2.137	0
863	20190123-034-10X_crop.jpg	0.081	0
864	20190123-034-10X_crop.jpg	0.012	0
865	20190123-034-10X_crop.jpg	0.038	0
866	20190123-034-10X_crop.jpg	0.081	0
867	20190123-034-10X_crop.jpg	0.053	0
868	20190123-034-10X_crop.jpg	0.007	0
869	20190123-034-10X_crop.jpg	0.065	0
870	20190123-034-10X_crop.jpg	0.113	0
871	20190123-034-10X_crop.jpg	0.019	0
872	20190123-034-10X_crop.jpg	0.774	0
873	20190123-034-10X_crop.jpg	0.043	0
874	20190123-034-10X_crop.jpg	0.235	0
875	20190123-034-10X_crop.jpg	0.223	0
876	20190123-034-10X_crop.jpg	0.357	0
877	20190123-034-10X_crop.jpg	0.093	0
878	20190123-034-10X_crop.jpg	0.525	0
879	20190123-034-10X_crop.jpg	0.096	0
880	20190123-034-10X_crop.jpg	0.125	0
881	20190123-034-10X_crop.jpg	0.007	0
882	20190123-034-10X_crop.jpg	0.024	0
883	20190123-034-10X_crop.jpg	0.326	0
884	20190123-034-10X_crop.jpg	0.036	0
885	20190123-034-10X_crop.jpg	0.019	0
886	20190123-034-10X_crop.jpg	0.019	0
887	20190123-034-10X_crop.jpg	0.235	0
888	20190123-034-10X_crop.jpg	0.069	0
889	20190123-034-10X_crop.jpg	0.002	0
890	20190123-034-10X_crop.jpg	0.177	0
891	20190123-034-10X_crop.jpg	0.067	0
892	20190123-034-10X_crop.jpg	0.043	0
893	20190123-034-10X_crop.jpg	0.050	0
894	20190123-034-10X_crop.jpg	0.319	0
895	20190123-034-10X_crop.jpg	0.113	0
896	20190123-034-10X_crop.jpg	0.002	0
897	20190123-034-10X_crop.jpg	0.014	0
898	20190123-034-10X_crop.jpg	0.115	0
899	20190123-034-10X_crop.jpg	0.867	0
900	20190123-034-10X_crop.jpg	0.103	0
901	20190123-034-10X_crop.jpg	0.036	0
902	20190123-034-10X_crop.jpg	0.060	0
903	20190123-034-10X_crop.jpg	0.017	0
904	20190123-034-10X_crop.jpg	0.072	0
905	20190123-034-10X_crop.jpg	0.031	0
906	20190123-034-10X_crop.jpg	0.053	0
907	20190123-034-10X_crop.jpg	0.036	0
908	20190123-034-10X_crop.jpg	0.165	0
909	20190123-034-10X_crop.jpg	0.218	0
910	20190123-034-10X_crop.jpg	0.101	0
911	20190123-034-10X_crop.jpg	0.007	0
912	20190123-034-10X_crop.jpg	0.014	0
913	20190123-034-10X_crop.jpg	0.046	0
914	20190123-034-10X_crop.jpg	0.043	0
915	20190123-034-10X_crop.jpg	0.137	0
916	20190123-034-10X_crop.jpg	0.146	0
917	20190123-034-10X_crop.jpg	1.588	0
918	20190123-034-10X_crop.jpg	0.017	0
919	20190123-034-10X_crop.jpg	0.551	0
920	20190123-034-10X_crop.jpg	0.010	0
921	20190123-034-10X_crop.jpg	0.678	0
922	20190123-034-10X_crop.jpg	0.465	0
923	20190123-034-10X_crop.jpg	0.079	0
924	20190123-034-10X_crop.jpg	0.046	0
925	20190123-034-10X_crop.jpg	0.026	0
926	20190123-034-10X_crop.jpg	2.810	0
927	20190123-034-10X_crop.jpg	0.024	0
928	20190123-034-10X_crop.jpg	0.024	0
929	20190123-034-10X_crop.jpg	2.592	0
930	20190123-034-10X_crop.jpg	0.017	0
931	20190123-034-10X_crop.jpg	0.077	0
932	20190123-034-10X_crop.jpg	5.997	0
933	20190123-034-10X_crop.jpg	0.014	0
934	20190123-034-10X_crop.jpg	0.192	0
935	20190123-034-10X_crop.jpg	0.139	0
936	20190123-034-10X_crop.jpg	0.206	0
937	20190123-034-10X_crop.jpg	0.002	0
938	20190123-034-10X_crop.jpg	0.053	0
939	20190123-034-10X_crop.jpg	0.005	0
940	20190123-034-10X_crop.jpg	1.049	0
941	20190123-034-10X_crop.jpg	0.010	0
942	20190123-034-10X_crop.jpg	0.043	0
943	20190123-034-10X_crop.jpg	0.055	0
944	20190123-034-10X_crop.jpg	0.041	0
945	20190123-034-10X_crop.jpg	0.098	0
946	20190123-034-10X_crop.jpg	0.002	0
947	20190123-034-10X_crop.jpg	0.074	0
948	20190123-034-10X_crop.jpg	0.048	0
949	20190123-034-10X_crop.jpg	0.010	0
950	20190123-034-10X_crop.jpg	0.144	0
951	20190123-034-10X_crop.jpg	0.074	0
952	20190123-034-10X_crop.jpg	6.222	0
953	20190123-034-10X_crop.jpg	0.002	0
954	20190123-034-10X_crop.jpg	0.127	0
955	20190123-034-10X_crop.jpg	0.067	0
956	20190123-034-10X_crop.jpg	0.002	0
957	20190123-034-10X_crop.jpg	0.038	0
958	20190123-034-10X_crop.jpg	0.153	0
959	20190123-034-10X_crop.jpg	0.041	0
960	20190123-034-10X_crop.jpg	1.373	0
961	20190123-034-10X_crop.jpg	0.046	0
962	20190123-034-10X_crop.jpg	0.518	0
963	20190123-034-10X_crop.jpg	2.556	0
964	20190123-034-10X_crop.jpg	1.325	0
965	20190123-034-10X_crop.jpg	0.072	0
966	20190123-034-10X_crop.jpg	0.005	0
967	20190123-034-10X_crop.jpg	0.038	0
968	20190123-034-10X_crop.jpg	1.811	0
969	20190123-034-10X_crop.jpg	0.007	0
970	20190123-034-10X_crop.jpg	0.625	0
971	20190123-034-10X_crop.jpg	0.031	0
972	20190123-034-10X_crop.jpg	0.005	0
973	20190123-034-10X_crop.jpg	0.058	0
974	20190123-034-10X_crop.jpg	0.002	0
975	20190123-034-10X_crop.jpg	0.609	0
976	20190123-034-10X_crop.jpg	0.072	0
977	20190123-034-10X_crop.jpg	1.737	0
978	20190123-034-10X_crop.jpg	0.038	0
979	20190123-034-10X_crop.jpg	0.010	0
980	20190123-034-10X_crop.jpg	0.031	0
981	20190123-034-10X_crop.jpg	0.050	0
982	20190123-034-10X_crop.jpg	0.017	0
983	20190123-034-10X_crop.jpg	5.594	0
984	20190123-034-10X_crop.jpg	0.053	0
985	20190123-034-10X_crop.jpg	0.058	0
986	20190123-034-10X_crop.jpg	0.041	0
987	20190123-034-10X_crop.jpg	0.043	0
988	20190123-034-10X_crop.jpg	0.005	0
989	20190123-034-10X_crop.jpg	0.005	0
990	20190123-034-10X_crop.jpg	0.036	0
991	20190123-034-10X_crop.jpg	0.038	0
992	20190123-034-10X_crop.jpg	0.010	0
993	20190123-034-10X_crop.jpg	0.364	0
994	20190123-034-10X_crop.jpg	0.311	0
995	20190123-034-10X_crop.jpg	0.244	0
996	20190123-034-10X_crop.jpg	0.017	0
997	20190123-034-10X_crop.jpg	0.019	0
998	20190123-034-10X_crop.jpg	0.022	0
999	20190123-034-10X_crop.jpg	0.074	0
1000	20190123-034-10X_crop.jpg	0.029	0
1001	20190123-034-10X_crop.jpg	0.137	0
1002	20190123-034-10X_crop.jpg	0.117	0
1003	20190123-034-10X_crop.jpg	0.065	0
1004	20190123-034-10X_crop.jpg	0.005	0
1005	20190123-034-10X_crop.jpg	0.060	0
1006	20190123-034-10X_crop.jpg	0.038	0
1007	20190123-034-10X_crop.jpg	3.309	0
1008	20190123-034-10X_crop.jpg	0.022	0
1009	20190123-034-10X_crop.jpg	0.101	0
1010	20190123-034-10X_crop.jpg	0.024	0
1011	20190123-034-10X_crop.jpg	0.144	0
1012	20190123-034-10X_crop.jpg	0.002	0
1013	20190123-034-10X_crop.jpg	0.230	0
1014	20190123-034-10X_crop.jpg	0.002	0
1015	20190123-034-10X_crop.jpg	0.041	0
1016	20190123-034-10X_crop.jpg	0.055	0
1017	20190123-034-10X_crop.jpg	0.010	0
1018	20190123-034-10X_crop.jpg	0.007	0
1019	20190123-034-10X_crop.jpg	0.067	0
1020	20190123-034-10X_crop.jpg	0.654	0
1021	20190123-034-10X_crop.jpg	2.858	0
1022	20190123-034-10X_crop.jpg	0.081	0
1023	20190123-034-10X_crop.jpg	4.272	0
1024	20190123-034-10X_crop.jpg	0.010	0
1025	20190123-034-10X_crop.jpg	0.077	0
1026	20190123-034-10X_crop.jpg	0.002	0
1027	20190123-034-10X_crop.jpg	0.577	0
1028	20190123-034-10X_crop.jpg	1.521	0
1029	20190123-034-10X_crop.jpg	0.002	0
1030	20190123-034-10X_crop.jpg	3.055	0
1031	20190123-034-10X_crop.jpg	0.002	0
1032	20190123-034-10X_crop.jpg	0.067	0
1033	20190123-034-10X_crop.jpg	0.002	0
1034	20190123-034-10X_crop.jpg	0.891	0
1035	20190123-034-10X_crop.jpg	0.007	0
1036	20190123-034-10X_crop.jpg	5.106	0
1037	20190123-034-10X_crop.jpg	0.017	0
1038	20190123-034-10X_crop.jpg	0.002	0
1039	20190123-034-10X_crop.jpg	0.065	0
1040	20190123-034-10X_crop.jpg	0.031	0
1041	20190123-034-10X_crop.jpg	0.005	0
1042	20190123-034-10X_crop.jpg	0.005	0
1043	20190123-034-10X_crop.jpg	0.002	0
1044	20190123-034-10X_crop.jpg	0.093	0
1045	20190123-034-10X_crop.jpg	1.428	0
1046	20190123-034-10X_crop.jpg	0.103	0
1047	20190123-034-10X_crop.jpg	0.295	0
1048	20190123-034-10X_crop.jpg	0.055	0
1049	20190123-034-10X_crop.jpg	2.724	0
1050	20190123-034-10X_crop.jpg	0.019	0
1051	20190123-034-10X_crop.jpg	4.900	0
1052	20190123-034-10X_crop.jpg	0.007	0
1053	20190123-034-10X_crop.jpg	0.002	0
1054	20190123-034-10X_crop.jpg	0.053	0
1055	20190123-034-10X_crop.jpg	3.615	0
1056	20190123-034-10X_crop.jpg	0.213	0
1057	20190123-034-10X_crop.jpg	0.110	0
1058	20190123-034-10X_crop.jpg	0.048	0
1059	20190123-034-10X_crop.jpg	0.105	0
1060	20190123-034-10X_crop.jpg	3.620	0
1061	20190123-034-10X_crop.jpg	0.002	0
1062	20190123-034-10X_crop.jpg	0.656	0
1063	20190123-034-10X_crop.jpg	0.403	0
1064	20190123-034-10X_crop.jpg	0.041	0
1065	20190123-034-10X_crop.jpg	0.553	0
1066	20190123-034-10X_crop.jpg	0.055	0
1067	20190123-034-10X_crop.jpg	0.005	0
1068	20190123-034-10X_crop.jpg	1.114	0
1069	20190123-034-10X_crop.jpg	0.041	0
1070	20190123-034-10X_crop.jpg	0.386	0
1071	20190123-034-10X_crop.jpg	0.079	0
1072	20190123-034-10X_crop.jpg	0.007	0
1073	20190123-034-10X_crop.jpg	0.072	0
1074	20190123-034-10X_crop.jpg	0.144	0
1075	20190123-034-10X_crop.jpg	0.707	0
1076	20190123-034-10X_crop.jpg	0.628	0
1077	20190123-034-10X_crop.jpg	0.429	0
1078	20190123-034-10X_crop.jpg	0.297	0
1079	20190123-034-10X_crop.jpg	0.005	0
1080	20190123-034-10X_crop.jpg	0.371	0
1081	20190123-034-10X_crop.jpg	0.005	0
1082	20190123-034-10X_crop.jpg	0.002	0
1083	20190123-034-10X_crop.jpg	0.002	0
1084	20190123-034-10X_crop.jpg	0.010	0
1085	20190123-034-10X_crop.jpg	0.005	0
1086	20190123-034-10X_crop.jpg	0.046	0
1087	20190123-034-10X_crop.jpg	0.093	0
1088	20190123-034-10X_crop.jpg	0.156	0
1089	20190123-034-10X_crop.jpg	0.278	0
1090	20190123-034-10X_crop.jpg	0.158	0
1091	20190123-034-10X_crop.jpg	3.105	0
1092	20190123-034-10X_crop.jpg	0.002	0
1093	20190123-034-10X_crop.jpg	0.228	0
1094	20190123-034-10X_crop.jpg	0.074	0
1095	20190123-034-10X_crop.jpg	0.034	0
1096	20190123-034-10X_crop.jpg	4.809	0
1097	20190123-034-10X_crop.jpg	0.992	0
1098	20190123-034-10X_crop.jpg	0.750	0
1099	20190123-034-10X_crop.jpg	0.237	0
1100	20190123-034-10X_crop.jpg	5.393	0
1101	20190123-034-10X_crop.jpg	1.186	0
1102	20190123-034-10X_crop.jpg	0.117	0
1103	20190123-034-10X_crop.jpg	0.019	0
1104	20190123-034-10X_crop.jpg	0.007	0
1105	20190123-034-10X_crop.jpg	0.954	0
1106	20190123-034-10X_crop.jpg	0.218	0
1107	20190123-034-10X_crop.jpg	6.505	0
1108	20190123-034-10X_crop.jpg	0.007	0
1109	20190123-034-10X_crop.jpg	0.074	0
1110	20190123-034-10X_crop.jpg	1.787	0
1111	20190123-034-10X_crop.jpg	0.007	0
1112	20190123-034-10X_crop.jpg	0.002	0
1113	20190123-034-10X_crop.jpg	0.328	0
1114	20190123-034-10X_crop.jpg	3.956	0
1115	20190123-034-10X_crop.jpg	1.095	0
1116	20190123-034-10X_crop.jpg	0.242	0
1117	20190123-034-10X_crop.jpg	0.002	0
1118	20190123-034-10X_crop.jpg	0.139	0
1119	20190123-034-10X_crop.jpg	0.026	0
1120	20190123-034-10X_crop.jpg	0.002	0
1121	20190123-034-10X_crop.jpg	0.002	0
1122	20190123-034-10X_crop.jpg	0.184	0
1123	20190123-034-10X_crop.jpg	0.012	0
1124	20190123-034-10X_crop.jpg	0.795	0
1125	20190123-034-10X_crop.jpg	0.010	0
1126	20190123-034-10X_crop.jpg	0.026	0
1127	20190123-034-10X_crop.jpg	0.175	0
1128	20190123-034-10X_crop.jpg	0.345	0
1129	20190123-034-10X_crop.jpg	0.005	0
1130	20190123-034-10X_crop.jpg	0.060	0
1131	20190123-034-10X_crop.jpg	0.031	0
1132	20190123-034-10X_crop.jpg	1.795	0
1133	20190123-034-10X_crop.jpg	0.012	0
1134	20190123-034-10X_crop.jpg	0.748	0
1135	20190123-034-10X_crop.jpg	0.105	0
1136	20190123-034-10X_crop.jpg	0.005	0
1137	20190123-034-10X_crop.jpg	1.579	0
1138	20190123-034-10X_crop.jpg	0.022	0
1139	20190123-034-10X_crop.jpg	0.194	0
1140	20190123-034-10X_crop.jpg	4.444	0
1141	20190123-034-10X_crop.jpg	0.177	0
1142	20190123-034-10X_crop.jpg	0.225	0
1143	20190123-034-10X_crop.jpg	0.010	0
1144	20190123-034-10X_crop.jpg	0.034	0
1145	20190123-034-10X_crop.jpg	0.280	0
1146	20190123-034-10X_crop.jpg	0.007	0
1147	20190123-034-10X_crop.jpg	4.370	0
1148	20190123-034-10X_crop.jpg	0.144	0
1149	20190123-034-10X_crop.jpg	0.228	0
1150	20190123-034-10X_crop.jpg	0.537	0
1151	20190123-034-10X_crop.jpg	7.432	0
1152	20190123-034-10X_crop.jpg	0.019	0
1153	20190123-034-10X_crop.jpg	0.036	0
1154	20190123-034-10X_crop.jpg	0.046	0
1155	20190123-034-10X_crop.jpg	0.026	0
1156	20190123-034-10X_crop.jpg	0.242	0
1157	20190123-034-10X_crop.jpg	0.196	0
1158	20190123-034-10X_crop.jpg	0.065	0
1159	20190123-034-10X_crop.jpg	2.128	0
1160	20190123-034-10X_crop.jpg	0.007	0
1161	20190123-034-10X_crop.jpg	0.139	0
1162	20190123-034-10X_crop.jpg	0.141	0
1163	20190123-034-10X_crop.jpg	0.422	0
1164	20190123-034-10X_crop.jpg	0.091	0
1165	20190123-034-10X_crop.jpg	0.096	0
1166	20190123-034-10X_crop.jpg	0.676	0
1167	20190123-034-10X_crop.jpg	1.246	0
1168	20190123-034-10X_crop.jpg	0.026	0
1169	20190123-034-10X_crop.jpg	0.074	0
1170	20190123-034-10X_crop.jpg	0.034	0
1171	20190123-034-10X_crop.jpg	0.002	0
1172	20190123-034-10X_crop.jpg	0.218	0
1173	20190123-034-10X_crop.jpg	0.010	0
1174	20190123-034-10X_crop.jpg	0.393	0
1175	20190123-034-10X_crop.jpg	0.644	0
1176	20190123-034-10X_crop.jpg	0.101	0
1177	20190123-034-10X_crop.jpg	0.125	0
1178	20190123-034-10X_crop.jpg	0.180	0
1179	20190123-034-10X_crop.jpg	0.014	0
1180	20190123-034-10X_crop.jpg	0.304	0
1181	20190123-034-10X_crop.jpg	0.060	0
1182	20190123-034-10X_crop.jpg	2.089	0
1183	20190123-034-10X_crop.jpg	0.333	0
1184	20190123-034-10X_crop.jpg	0.010	0
1185	20190123-034-10X_crop.jpg	0.062	0
1186	20190123-034-10X_crop.jpg	0.024	0
1187	20190123-034-10X_crop.jpg	0.058	0
1188	20190123-034-10X_crop.jpg	2.209	0
1189	20190123-034-10X_crop.jpg	0.002	0
1190	20190123-034-10X_crop.jpg	1.562	0
1191	20190123-034-10X_crop.jpg	0.175	0
1192	20190123-034-10X_crop.jpg	2.398	0
1193	20190123-034-10X_crop.jpg	0.062	0
1194	20190123-034-10X_crop.jpg	0.163	0
1195	20190123-034-10X_crop.jpg	0.005	0
1196	20190123-034-10X_crop.jpg	0.072	0
1197	20190123-034-10X_crop.jpg	0.441	0
1198	20190123-034-10X_crop.jpg	9.770	0
1199	20190123-034-10X_crop.jpg	0.002	0
1200	20190123-034-10X_crop.jpg	0.062	0
1201	20190123-034-10X_crop.jpg	2.913	0
1202	20190123-034-10X_crop.jpg	0.182	0
1203	20190123-034-10X_crop.jpg	0.031	0
1204	20190123-034-10X_crop.jpg	0.002	0
1205	20190123-034-10X_crop.jpg	0.084	0
1206	20190123-034-10X_crop.jpg	0.002	0
1207	20190123-034-10X_crop.jpg	1.042	0
1208	20190123-034-10X_crop.jpg	0.460	0
1209	20190123-034-10X_crop.jpg	1.243	0
1210	20190123-034-10X_crop.jpg	0.026	0
1211	20190123-034-10X_crop.jpg	0.014	0
1212	20190123-034-10X_crop.jpg	4.789	0
1213	20190123-034-10X_crop.jpg	0.501	0
1214	20190123-034-10X_crop.jpg	0.093	0
1215	20190123-034-10X_crop.jpg	0.096	0
1216	20190123-034-10X_crop.jpg	0.165	0
1217	20190123-034-10X_crop.jpg	0.326	0
1218	20190123-034-10X_crop.jpg	0.024	0
1219	20190123-034-10X_crop.jpg	0.010	0
1220	20190123-034-10X_crop.jpg	0.041	0
1221	20190123-034-10X_crop.jpg	0.026	0
1222	20190123-034-10X_crop.jpg	7.930	0
1223	20190123-034-10X_crop.jpg	4.217	0
1224	20190123-034-10X_crop.jpg	4.063	0
1225	20190123-034-10X_crop.jpg	0.024	0
1226	20190123-034-10X_crop.jpg	0.029	0
1227	20190123-034-10X_crop.jpg	0.046	0
1228	20190123-034-10X_crop.jpg	1.543	0
1229	20190123-034-10X_crop.jpg	0.014	0
1230	20190123-034-10X_crop.jpg	0.235	0
1231	20190123-034-10X_crop.jpg	0.125	0
1232	20190123-034-10X_crop.jpg	0.184	0
1233	20190123-034-10X_crop.jpg	1.989	0
1234	20190123-034-10X_crop.jpg	4.825	0
1235	20190123-034-10X_crop.jpg	6.215	0
1236	20190123-034-10X_crop.jpg	3.268	0
1237	20190123-034-10X_crop.jpg	0.074	0
1238	20190123-034-10X_crop.jpg	0.010	0
1239	20190123-034-10X_crop.jpg	0.115	0
1240	20190123-034-10X_crop.jpg	0.012	0
1241	20190123-034-10X_crop.jpg	0.168	0
1242	20190123-034-10X_crop.jpg	0.005	0
1243	20190123-034-10X_crop.jpg	0.041	0
1244	20190123-034-10X_crop.jpg	0.532	0
1245	20190123-034-10X_crop.jpg	0.084	0
1246	20190123-034-10X_crop.jpg	0.180	0
1247	20190123-034-10X_crop.jpg	0.355	0
1248	20190123-034-10X_crop.jpg	0.189	0
1249	20190123-034-10X_crop.jpg	0.005	0
1250	20190123-034-10X_crop.jpg	0.046	0
1251	20190123-034-10X_crop.jpg	0.055	0
1252	20190123-034-10X_crop.jpg	0.002	0
1253	20190123-034-10X_crop.jpg	0.122	0
1254	20190123-034-10X_crop.jpg	0.019	0
1255	20190123-034-10X_crop.jpg	0.029	0
1256	20190123-034-10X_crop.jpg	4.658	0
1257	20190123-034-10X_crop.jpg	0.012	0
1258	20190123-034-10X_crop.jpg	0.005	0
1259	20190123-034-10X_crop.jpg	0.010	0
1260	20190123-034-10X_crop.jpg	0.069	0
1261	20190123-034-10X_crop.jpg	0.031	0
1262	20190123-034-10X_crop.jpg	0.002	0
1263	20190123-034-10X_crop.jpg	1.294	0
1264	20190123-034-10X_crop.jpg	0.132	0
1265	20190123-034-10X_crop.jpg	0.002	0
1266	20190123-034-10X_crop.jpg	0.012	0
1267	20190123-034-10X_crop.jpg	0.043	0
1268	20190123-034-10X_crop.jpg	0.060	0
1269	20190123-034-10X_crop.jpg	0.781	0
1270	20190123-034-10X_crop.jpg	0.031	0
1271	20190123-034-10X_crop.jpg	4.075	0
1272	20190123-034-10X_crop.jpg	0.010	0
1273	20190123-034-10X_crop.jpg	0.204	0
1274	20190123-034-10X_crop.jpg	0.271	0
1275	20190123-034-10X_crop.jpg	0.038	0
1276	20190123-034-10X_crop.jpg	3.678	0
1277	20190123-034-10X_crop.jpg	0.041	0
1278	20190123-034-10X_crop.jpg	3.515	0
1279	20190123-034-10X_crop.jpg	0.007	0
1280	20190123-034-10X_crop.jpg	0.062	0
1281	20190123-034-10X_crop.jpg	0.048	0
1282	20190123-034-10X_crop.jpg	1.224	0
1283	20190123-034-10X_crop.jpg	0.036	0
1284	20190123-034-10X_crop.jpg	1.526	0
1285	20190123-034-10X_crop.jpg	3.575	0
1286	20190123-034-10X_crop.jpg	0.007	0
1287	20190123-034-10X_crop.jpg	0.110	0
1288	20190123-034-10X_crop.jpg	0.055	0
1289	20190123-034-10X_crop.jpg	1.754	0
1290	20190123-034-10X_crop.jpg	3.302	0
1291	20190123-034-10X_crop.jpg	0.180	0
1292	20190123-034-10X_crop.jpg	0.376	0
1293	20190123-034-10X_crop.jpg	0.081	0
1294	20190123-034-10X_crop.jpg	0.055	0
1295	20190123-034-10X_crop.jpg	0.002	0
1296	20190123-034-10X_crop.jpg	0.216	0
1297	20190123-034-10X_crop.jpg	0.048	0
1298	20190123-034-10X_crop.jpg	0.002	0
1299	20190123-034-10X_crop.jpg	0.309	0
1300	20190123-034-10X_crop.jpg	0.163	0
1301	20190123-034-10X_crop.jpg	0.098	0
1302	20190123-034-10X_crop.jpg	0.055	0
1303	20190123-034-10X_crop.jpg	2.698	0
1304	20190123-034-10X_crop.jpg	0.019	0
1305	20190123-034-10X_crop.jpg	0.180	0
1306	20190123-034-10X_crop.jpg	1.572	0
1307	20190123-034-10X_crop.jpg	0.096	0
1308	20190123-034-10X_crop.jpg	0.005	0
1309	20190123-034-10X_crop.jpg	0.005	0
1310	20190123-034-10X_crop.jpg	0.443	0
1311	20190123-034-10X_crop.jpg	0.007	0
1312	20190123-034-10X_crop.jpg	0.134	0
1313	20190123-034-10X_crop.jpg	0.053	0
1314	20190123-034-10X_crop.jpg	0.010	0
1315	20190123-034-10X_crop.jpg	0.002	0
1316	20190123-034-10X_crop.jpg	0.014	0
1317	20190123-034-10X_crop.jpg	0.002	0
1318	20190123-034-10X_crop.jpg	0.098	0
1319	20190123-034-10X_crop.jpg	0.249	0
1320	20190123-034-10X_crop.jpg	0.175	0
1321	20190123-034-10X_crop.jpg	1.136	0
1322	20190123-034-10X_crop.jpg	0.036	0
1323	20190123-034-10X_crop.jpg	0.561	0
1324	20190123-034-10X_crop.jpg	0.093	0
1325	20190123-034-10X_crop.jpg	0.161	0
1326	20190123-034-10X_crop.jpg	0.043	0
1327	20190123-034-10X_crop.jpg	0.022	0
1328	20190123-034-10X_crop.jpg	1.423	0
1329	20190123-034-10X_crop.jpg	0.149	0
1330	20190123-034-10X_crop.jpg	0.450	0
1331	20190123-034-10X_crop.jpg	0.002	0
1332	20190123-034-10X_crop.jpg	0.010	0
1333	20190123-034-10X_crop.jpg	0.005	0
1334	20190123-034-10X_crop.jpg	0.031	0
1335	20190123-034-10X_crop.jpg	0.007	0
1336	20190123-034-10X_crop.jpg	0.002	0
1337	20190123-034-10X_crop.jpg	0.024	0
1338	20190123-034-10X_crop.jpg	1.411	0
1339	20190123-034-10X_crop.jpg	0.098	0
1340	20190123-034-10X_crop.jpg	0.259	0
1341	20190123-034-10X_crop.jpg	0.038	0
1342	20190123-034-10X_crop.jpg	0.043	0
1343	20190123-034-10X_crop.jpg	0.031	0
1344	20190123-034-10X_crop.jpg	0.038	0
1345	20190123-034-10X_crop.jpg	3.936	0
1346	20190123-034-10X_crop.jpg	0.034	0
1347	20190123-034-10X_crop.jpg	0.005	0
1348	20190123-034-10X_crop.jpg	5.058	0
1349	20190123-034-10X_crop.jpg	0.254	0
1350	20190123-034-10X_crop.jpg	0.010	0
1351	20190123-034-10X_crop.jpg	0.041	0
1352	20190123-034-10X_crop.jpg	0.005	0
1353	20190123-034-10X_crop.jpg	0.005	0
1354	20190123-034-10X_crop.jpg	5.036	0
1355	20190123-034-10X_crop.jpg	0.218	0
1356	20190123-034-10X_crop.jpg	0.719	0
1357	20190123-034-10X_crop.jpg	0.606	0
1358	20190123-034-10X_crop.jpg	0.321	0
1359	20190123-034-10X_crop.jpg	0.093	0
1360	20190123-034-10X_crop.jpg	0.055	0
1361	20190123-034-10X_crop.jpg	0.786	0
1362	20190123-034-10X_crop.jpg	0.024	0
1363	20190123-034-10X_crop.jpg	0.072	0
1364	20190123-034-10X_crop.jpg	0.060	0
1365	20190123-034-10X_crop.jpg	0.005	0
1366	20190123-034-10X_crop.jpg	0.108	0
1367	20190123-034-10X_crop.jpg	0.084	0
1368	20190123-034-10X_crop.jpg	0.479	0
1369	20190123-034-10X_crop.jpg	1.009	0
1370	20190123-034-10X_crop.jpg	0.470	0
1371	20190123-034-10X_crop.jpg	0.156	0
1372	20190123-034-10X_crop.jpg	0.002	0
1373	20190123-034-10X_crop.jpg	0.208	0
1374	20190123-034-10X_crop.jpg	0.901	0
1375	20190123-034-10X_crop.jpg	0.146	0
1376	20190123-034-10X_crop.jpg	0.175	0
1377	20190123-034-10X_crop.jpg	0.218	0
1378	20190123-034-10X_crop.jpg	0.158	0
1379	20190123-034-10X_crop.jpg	0.002	0
1380	20190123-034-10X_crop.jpg	0.026	0
1381	20190123-034-10X_crop.jpg	0.002	0
1382	20190123-034-10X_crop.jpg	0.058	0
1383	20190123-034-10X_crop.jpg	0.005	0
1384	20190123-034-10X_crop.jpg	2.940	0
1385	20190123-034-10X_crop.jpg	0.252	0
1386	20190123-034-10X_crop.jpg	0.153	0
1387	20190123-034-10X_crop.jpg	0.012	0
1388	20190123-034-10X_crop.jpg	0.086	0
1389	20190123-034-10X_crop.jpg	0.002	0
1390	20190123-034-10X_crop.jpg	0.081	0
1391	20190123-034-10X_crop.jpg	0.072	0
1392	20190123-034-10X_crop.jpg	0.091	0
1393	20190123-034-10X_crop.jpg	1.241	0
1394	20190123-034-10X_crop.jpg	0.050	0
1395	20190123-034-10X_crop.jpg	0.005	0
1396	20190123-034-10X_crop.jpg	0.007	0
1397	20190123-034-10X_crop.jpg	1.818	0
1398	20190123-034-10X_crop.jpg	0.053	0
1399	20190123-034-10X_crop.jpg	0.017	0
1400	20190123-034-10X_crop.jpg	4.279	0
1401	20190123-034-10X_crop.jpg	0.010	0
1402	20190123-034-10X_crop.jpg	0.043	0
1403	20190123-034-10X_crop.jpg	0.038	0
1404	20190123-034-10X_crop.jpg	0.240	0
1405	20190123-034-10X_crop.jpg	0.184	0
1406	20190123-034-10X_crop.jpg	0.206	0
1407	20190123-034-10X_crop.jpg	0.721	0
1408	20190123-034-10X_crop.jpg	0.072	0
1409	20190123-034-10X_crop.jpg	0.024	0
1410	20190123-034-10X_crop.jpg	0.769	0
1411	20190123-034-10X_crop.jpg	0.007	0
1412	20190123-034-10X_crop.jpg	0.010	0
1413	20190123-034-10X_crop.jpg	0.199	0
1414	20190123-034-10X_crop.jpg	0.010	0
1415	20190123-034-10X_crop.jpg	0.046	0
1416	20190123-034-10X_crop.jpg	0.022	0
1417	20190123-034-10X_crop.jpg	0.007	0
1418	20190123-034-10X_crop.jpg	0.036	0
1419	20190123-034-10X_crop.jpg	0.506	0
1420	20190123-034-10X_crop.jpg	0.067	0
1421	20190123-034-10X_crop.jpg	0.196	0
1422	20190123-034-10X_crop.jpg	0.321	0
1423	20190123-034-10X_crop.jpg	0.007	0
1424	20190123-034-10X_crop.jpg	0.072	0
1425	20190123-034-10X_crop.jpg	0.007	0
1426	20190123-034-10X_crop.jpg	0.163	0
1427	20190123-034-10X_crop.jpg	2.053	0
1428	20190123-034-10X_crop.jpg	0.086	0
1429	20190123-034-10X_crop.jpg	0.019	0
1430	20190123-034-10X_crop.jpg	0.393	0
1431	20190123-034-10X_crop.jpg	0.007	0
1432	20190123-034-10X_crop.jpg	0.012	0
1433	20190123-034-10X_crop.jpg	0.280	0
1434	20190123-034-10X_crop.jpg	1.049	0
1435	20190123-034-10X_crop.jpg	0.470	0
1436	20190123-034-10X_crop.jpg	0.029	0
1437	20190123-034-10X_crop.jpg	0.005	0
1438	20190123-034-10X_crop.jpg	0.125	0
1439	20190123-034-10X_crop.jpg	0.026	0
1440	20190123-034-10X_crop.jpg	0.355	0
1441	20190123-034-10X_crop.jpg	0.007	0
1442	20190123-034-10X_crop.jpg	0.522	0
1443	20190123-034-10X_crop.jpg	0.002	0
1444	20190123-034-10X_crop.jpg	0.211	0
1445	20190123-034-10X_crop.jpg	0.204	0
1446	20190123-034-10X_crop.jpg	0.053	0
1447	20190123-034-10X_crop.jpg	0.046	0
1448	20190123-034-10X_crop.jpg	0.592	0
1449	20190123-034-10X_crop.jpg	0.014	0
1450	20190123-034-10X_crop.jpg	3.651	0
1451	20190123-034-10X_crop.jpg	0.007	0
1452	20190123-034-10X_crop.jpg	0.141	0
1453	20190123-034-10X_crop.jpg	1.234	0
1454	20190123-034-10X_crop.jpg	0.055	0
1455	20190123-034-10X_crop.jpg	0.062	0
1456	20190123-034-10X_crop.jpg	0.700	0
1457	20190123-034-10X_crop.jpg	0.211	0
1458	20190123-034-10X_crop.jpg	0.038	0
1459	20190123-034-10X_crop.jpg	0.017	0
1460	20190123-034-10X_crop.jpg	0.007	0
1461	20190123-034-10X_crop.jpg	0.005	0
1462	20190123-034-10X_crop.jpg	0.393	0
1463	20190123-034-10X_crop.jpg	0.316	0
1464	20190123-034-10X_crop.jpg	0.199	0
1465	20190123-034-10X_crop.jpg	0.007	0
1466	20190123-034-10X_crop.jpg	0.002	0
1467	20190123-034-10X_crop.jpg	0.010	0
1468	20190123-034-10X_crop.jpg	4.042	0
1469	20190123-034-10X_crop.jpg	0.069	0
1470	20190123-034-10X_crop.jpg	3.141	0
1471	20190123-034-10X_crop.jpg	0.532	0
1472	20190123-034-10X_crop.jpg	0.072	0
1473	20190123-034-10X_crop.jpg	0.007	0
1474	20190123-034-10X_crop.jpg	0.026	0
1475	20190123-034-10X_crop.jpg	0.252	0
1476	20190123-034-10X_crop.jpg	0.002	0
1477	20190123-034-10X_crop.jpg	0.704	0
1478	20190123-034-10X_crop.jpg	0.002	0
1479	20190123-034-10X_crop.jpg	0.079	0
1480	20190123-034-10X_crop.jpg	0.292	0
1481	20190123-034-10X_crop.jpg	0.311	0
1482	20190123-034-10X_crop.jpg	1.186	0
1483	20190123-034-10X_crop.jpg	0.604	0
1484	20190123-034-10X_crop.jpg	0.002	0
1485	20190123-034-10X_crop.jpg	1.184	0
1486	20190123-034-10X_crop.jpg	0.002	0
1487	20190123-034-10X_crop.jpg	0.110	0
1488	20190123-034-10X_crop.jpg	0.105	0
1489	20190123-034-10X_crop.jpg	0.079	0
1490	20190123-034-10X_crop.jpg	1.713	0
1491	20190123-034-10X_crop.jpg	0.002	0
1492	20190123-034-10X_crop.jpg	0.007	0
1493	20190123-034-10X_crop.jpg	0.010	0
1494	20190123-034-10X_crop.jpg	0.141	0
1495	20190123-034-10X_crop.jpg	0.472	0
1496	20190123-034-10X_crop.jpg	1.097	0
1497	20190123-034-10X_crop.jpg	0.019	0
1498	20190123-034-10X_crop.jpg	0.069	0
1499	20190123-034-10X_crop.jpg	0.069	0
1500	20190123-034-10X_crop.jpg	0.065	0
1501	20190123-034-10X_crop.jpg	0.005	0
1502	20190123-034-10X_crop.jpg	0.010	0
1503	20190123-034-10X_crop.jpg	0.132	0
1504	20190123-034-10X_crop.jpg	0.002	0
1505	20190123-034-10X_crop.jpg	0.029	0
1506	20190123-034-10X_crop.jpg	0.494	0
1507	20190123-034-10X_crop.jpg	0.038	0
1508	20190123-034-10X_crop.jpg	0.005	0
1509	20190123-034-10X_crop.jpg	0.860	0
1510	20190123-034-10X_crop.jpg	0.089	0
1511	20190123-034-10X_crop.jpg	1.483	0
1512	20190123-034-10X_crop.jpg	0.005	0
1513	20190123-034-10X_crop.jpg	0.019	0
1514	20190123-034-10X_crop.jpg	0.002	0
1515	20190123-034-10X_crop.jpg	0.005	0
1516	20190123-034-10X_crop.jpg	0.002	0
1517	20190123-034-10X_crop.jpg	0.065	0
1518	20190123-034-10X_crop.jpg	6.843	0
1519	20190123-034-10X_crop.jpg	0.007	0
1520	20190123-034-10X_crop.jpg	0.414	0
1521	20190123-034-10X_crop.jpg	0.002	0
1522	20190123-034-10X_crop.jpg	0.050	0
1523	20190123-034-10X_crop.jpg	0.043	0
1524	20190123-034-10X_crop.jpg	0.002	0
1525	20190123-034-10X_crop.jpg	0.192	0
1526	20190123-034-10X_crop.jpg	0.002	0
1527	20190123-034-10X_crop.jpg	0.026	0
1528	20190123-034-10X_crop.jpg	0.302	0
1529	20190123-034-10X_crop.jpg	0.513	0
1530	20190123-034-10X_crop.jpg	0.002	0
1531	20190123-034-10X_crop.jpg	0.024	0
1532	20190123-034-10X_crop.jpg	0.053	0
1533	20190123-034-10X_crop.jpg	0.060	0
1534	20190123-034-10X_crop.jpg	0.108	0
1535	20190123-034-10X_crop.jpg	2.691	0
1536	20190123-034-10X_crop.jpg	2.583	0
1537	20190123-034-10X_crop.jpg	0.012	0
1538	20190123-034-10X_crop.jpg	0.122	0
1539	20190123-034-10X_crop.jpg	0.002	0
1540	20190123-034-10X_crop.jpg	0.105	0
1541	20190123-034-10X_crop.jpg	0.002	0
1542	20190123-034-10X_crop.jpg	0.146	0
1543	20190123-034-10X_crop.jpg	0.081	0
1544	20190123-034-10X_crop.jpg	0.098	0
1545	20190123-034-10X_crop.jpg	2.657	0
1546	20190123-034-10X_crop.jpg	0.307	0
1547	20190123-034-10X_crop.jpg	0.053	0
1548	20190123-034-10X_crop.jpg	1.708	0
1549	20190123-034-10X_crop.jpg	0.005	0
1550	20190123-034-10X_crop.jpg	0.077	0
1551	20190123-034-10X_crop.jpg	0.005	0
1552	20190123-034-10X_crop.jpg	0.019	0
1553	20190123-034-10X_crop.jpg	0.024	0
1554	20190123-034-10X_crop.jpg	0.002	0
1555	20190123-034-10X_crop.jpg	0.113	0
1556	20190123-034-10X_crop.jpg	2.554	0
1557	20190123-034-10X_crop.jpg	0.098	0
1558	20190123-034-10X_crop.jpg	0.050	0
1559	20190123-034-10X_crop.jpg	0.017	0
1560	20190123-034-10X_crop.jpg	0.041	0
1561	20190123-034-10X_crop.jpg	0.034	0
1562	20190123-034-10X_crop.jpg	0.012	0
1563	20190123-034-10X_crop.jpg	0.048	0
1564	20190123-034-10X_crop.jpg	0.110	0
1565	20190123-034-10X_crop.jpg	1.263	0
1566	20190123-034-10X_crop.jpg	0.036	0
1567	20190123-034-10X_crop.jpg	0.017	0
1568	20190123-034-10X_crop.jpg	0.050	0
1569	20190123-034-10X_crop.jpg	0.010	0
1570	20190123-034-10X_crop.jpg	0.022	0
1571	20190123-034-10X_crop.jpg	0.187	0
1572	20190123-034-10X_crop.jpg	0.012	0
1573	20190123-034-10X_crop.jpg	0.014	0
1574	20190123-034-10X_crop.jpg	0.120	0
1575	20190123-034-10X_crop.jpg	0.352	0
1576	20190123-034-10X_crop.jpg	0.002	0
1577	20190123-034-10X_crop.jpg	0.002	0
1578	20190123-034-10X_crop.jpg	0.170	0
1579	20190123-034-10X_crop.jpg	0.007	0
1580	20190123-034-10X_crop.jpg	0.002	0
1581	20190123-034-10X_crop.jpg	0.002	0
1582	20190123-034-10X_crop.jpg	0.860	0
1583	20190123-034-10X_crop.jpg	0.005	0
1584	20190123-034-10X_crop.jpg	0.036	0
1585	20190123-034-10X_crop.jpg	0.010	0
1586	20190123-034-10X_crop.jpg	2.365	0
1587	20190123-034-10X_crop.jpg	0.014	0
1588	20190123-034-10X_crop.jpg	0.347	0
1589	20190123-034-10X_crop.jpg	0.014	0
1590	20190123-034-10X_crop.jpg	0.022	0
1591	20190123-034-10X_crop.jpg	0.002	0
1592	20190123-034-10X_crop.jpg	0.024	0
1593	20190123-034-10X_crop.jpg	3.884	0
1594	20190123-034-10X_crop.jpg	0.031	0
1595	20190123-034-10X_crop.jpg	0.513	0
1596	20190123-034-10X_crop.jpg	0.053	0
1597	20190123-034-10X_crop.jpg	1.404	0
1598	20190123-034-10X_crop.jpg	0.079	0
1599	20190123-034-10X_crop.jpg	0.029	0
1600	20190123-034-10X_crop.jpg	0.012	0
1601	20190123-034-10X_crop.jpg	2.029	0
1602	20190123-034-10X_crop.jpg	0.132	0
1603	20190123-034-10X_crop.jpg	0.002	0
1604	20190123-034-10X_crop.jpg	0.010	0
1605	20190123-034-10X_crop.jpg	0.048	0
1606	20190123-034-10X_crop.jpg	0.002	0
1607	20190123-034-10X_crop.jpg	0.019	0
1608	20190123-034-10X_crop.jpg	0.014	0
1609	20190123-034-10X_crop.jpg	3.050	0
1610	20190123-034-10X_crop.jpg	0.031	0
1611	20190123-034-10X_crop.jpg	0.168	0
1612	20190123-034-10X_crop.jpg	0.002	0
1613	20190123-034-10X_crop.jpg	0.002	0
1614	20190123-034-10X_crop.jpg	0.007	0
1615	20190123-034-10X_crop.jpg	4.284	0
1616	20190123-034-10X_crop.jpg	0.031	0
1617	20190123-034-10X_crop.jpg	0.005	0
1618	20190123-034-10X_crop.jpg	0.110	0
1619	20190123-034-10X_crop.jpg	5.475	0
1620	20190123-034-10X_crop.jpg	0.010	0
1621	20190123-034-10X_crop.jpg	0.017	0
1622	20190123-034-10X_crop.jpg	0.170	0
1623	20190123-034-10X_crop.jpg	0.002	0
1624	20190123-034-10X_crop.jpg	2.288	0
1625	20190123-034-10X_crop.jpg	0.012	0
1626	20190123-034-10X_crop.jpg	0.208	0
1627	20190123-034-10X_crop.jpg	0.081	0
1628	20190123-034-10X_crop.jpg	0.067	0
1629	20190123-034-10X_crop.jpg	0.252	0
1630	20190123-034-10X_crop.jpg	0.014	0
1631	20190123-034-10X_crop.jpg	0.002	0
1632	20190123-034-10X_crop.jpg	0.093	0
1633	20190123-034-10X_crop.jpg	0.019	0
1634	20190123-034-10X_crop.jpg	0.010	0
1635	20190123-034-10X_crop.jpg	2.887	0
1636	20190123-034-10X_crop.jpg	0.383	0
1637	20190123-034-10X_crop.jpg	0.017	0
1638	20190123-034-10X_crop.jpg	0.002	0
1639	20190123-034-10X_crop.jpg	0.002	0
1640	20190123-034-10X_crop.jpg	0.113	0
1641	20190123-034-10X_crop.jpg	0.010	0
1642	20190123-034-10X_crop.jpg	0.843	0
1643	20190123-034-10X_crop.jpg	0.010	0
1644	20190123-034-10X_crop.jpg	0.019	0
1645	20190123-034-10X_crop.jpg	0.067	0
1646	20190123-034-10X_crop.jpg	0.017	0
1647	20190123-034-10X_crop.jpg	0.005	0
1648	20190123-034-10X_crop.jpg	0.158	0
1649	20190123-034-10X_crop.jpg	2.142	0
1650	20190123-034-10X_crop.jpg	0.002	0
1651	20190123-034-10X_crop.jpg	0.002	0
1652	20190123-034-10X_crop.jpg	0.005	0
1653	20190123-034-10X_crop.jpg	0.043	0
1654	20190123-034-10X_crop.jpg	0.002	0
1655	20190123-034-10X_crop.jpg	0.098	0
1656	20190123-034-10X_crop.jpg	0.043	0
1657	20190123-034-10X_crop.jpg	2.168	0
1658	20190123-034-10X_crop.jpg	0.053	0
1659	20190123-034-10X_crop.jpg	0.002	0
1660	20190123-034-10X_crop.jpg	0.034	0
1661	20190123-034-10X_crop.jpg	0.002	0
1662	20190123-034-10X_crop.jpg	0.012	0
1663	20190123-034-10X_crop.jpg	0.007	0
1664	20190123-034-10X_crop.jpg	0.005	0
1665	20190123-034-10X_crop.jpg	0.072	0
1666	20190123-034-10X_crop.jpg	1.675	0
1667	20190123-034-10X_crop.jpg	2.779	0
1668	20190123-034-10X_crop.jpg	0.034	0
1669	20190123-034-10X_crop.jpg	0.002	0
1670	20190123-034-10X_crop.jpg	0.026	0
1671	20190123-034-10X_crop.jpg	0.007	0
1672	20190123-034-10X_crop.jpg	0.026	0
1673	20190123-034-10X_crop.jpg	0.014	0
1674	20190123-034-10X_crop.jpg	0.273	0
1675	20190123-034-10X_crop.jpg	0.005	0
1676	20190123-034-10X_crop.jpg	0.029	0
1677	20190123-034-10X_crop.jpg	2.820	0
1678	20190123-034-10X_crop.jpg	0.005	0
1679	20190123-034-10X_crop.jpg	0.036	0
1680	20190123-034-10X_crop.jpg	0.010	0
1681	20190123-034-10X_crop.jpg	0.012	0
1682	20190123-034-10X_crop.jpg	0.046	0
1683	20190123-034-10X_crop.jpg	0.019	0
1684	20190123-034-10X_crop.jpg	1.512	0
1685	20190123-034-10X_crop.jpg	0.069	0
1686	20190123-034-10X_crop.jpg	0.002	0
1687	20190123-034-10X_crop.jpg	4.902	0
1688	20190123-034-10X_crop.jpg	2.044	0
1689	20190123-034-10X_crop.jpg	0.014	0
1690	20190123-034-10X_crop.jpg	0.079	0
1691	20190123-034-10X_crop.jpg	0.002	0
1692	20190123-034-10X_crop.jpg	0.002	0
1693	20190123-034-10X_crop.jpg	0.007	0
1694	20190123-034-10X_crop.jpg	6.086	0
1695	20190123-034-10X_crop.jpg	0.079	0
1696	20190123-034-10X_crop.jpg	0.002	0
1697	20190123-034-10X_crop.jpg	0.470	0
1698	20190123-034-10X_crop.jpg	0.002	0
1699	20190123-034-10X_crop.jpg	0.228	0
1700	20190123-034-10X_crop.jpg	0.079	0
1701	20190123-034-10X_crop.jpg	1.157	0
1702	20190123-034-10X_crop.jpg	0.692	0
1703	20190123-034-10X_crop.jpg	0.002	0
1704	20190123-034-10X_crop.jpg	1.979	0
1705	20190123-034-10X_crop.jpg	0.002	0
1706	20190123-034-10X_crop.jpg	0.002	0
1707	20190123-034-10X_crop.jpg	3.280	0
1708	20190123-034-10X_crop.jpg	6.004	0
1709	20190123-034-10X_crop.jpg	0.002	0
1710	20190123-034-10X_crop.jpg	0.213	0
1711	20190123-034-10X_crop.jpg	0.026	0
1712	20190123-034-10X_crop.jpg	0.026	0
1713	20190123-034-10X_crop.jpg	0.024	0
1714	20190123-034-10X_crop.jpg	0.005	0
1715	20190123-034-10X_crop.jpg	0.005	0
1716	20190123-034-10X_crop.jpg	0.168	0
1717	20190123-034-10X_crop.jpg	0.084	0
1718	20190123-034-10X_crop.jpg	0.026	0
1719	20190123-034-10X_crop.jpg	0.002	0
1720	20190123-034-10X_crop.jpg	0.007	0
1721	20190123-034-10X_crop.jpg	0.026	0
1722	20190123-034-10X_crop.jpg	0.024	0
1723	20190123-034-10X_crop.jpg	0.297	0
1724	20190123-034-10X_crop.jpg	0.314	0
1725	20190123-034-10X_crop.jpg	0.002	0
1726	20190123-034-10X_crop.jpg	0.002	0
1727	20190123-034-10X_crop.jpg	0.005	0
1728	20190123-034-10X_crop.jpg	3.917	0
1729	20190123-034-10X_crop.jpg	0.177	0
1730	20190123-034-10X_crop.jpg	0.034	0
1731	20190123-034-10X_crop.jpg	0.034	0
1732	20190123-034-10X_crop.jpg	0.043	0
1733	20190123-034-10X_crop.jpg	0.266	0
1734	20190123-034-10X_crop.jpg	0.002	0
1735	20190123-034-10X_crop.jpg	0.024	0
1736	20190123-034-10X_crop.jpg	0.005	0
1737	20190123-034-10X_crop.jpg	0.026	0
1738	20190123-034-10X_crop.jpg	0.968	0
1739	20190123-034-10X_crop.jpg	0.304	0
1740	20190123-034-10X_crop.jpg	0.002	0
1741	20190123-034-10X_crop.jpg	0.081	0
1742	20190123-034-10X_crop.jpg	0.002	0
1743	20190123-034-10X_crop.jpg	0.247	0
1744	20190123-034-10X_crop.jpg	0.029	0
1745	20190123-034-10X_crop.jpg	0.053	0
1746	20190123-034-10X_crop.jpg	0.477	0
1747	20190123-034-10X_crop.jpg	0.005	0
1748	20190123-034-10X_crop.jpg	0.036	0
1749	20190123-034-10X_crop.jpg	0.908	0
1750	20190123-034-10X_crop.jpg	0.036	0
1751	20190123-034-10X_crop.jpg	0.079	0
1752	20190123-034-10X_crop.jpg	0.081	0
1753	20190123-034-10X_crop.jpg	0.050	0
1754	20190123-034-10X_crop.jpg	0.002	0
1755	20190123-034-10X_crop.jpg	0.038	0
1756	20190123-034-10X_crop.jpg	0.779	0
1757	20190123-034-10X_crop.jpg	0.062	0
1758	20190123-034-10X_crop.jpg	1.076	0
1759	20190123-034-10X_crop.jpg	0.058	0
1760	20190123-034-10X_crop.jpg	0.058	0
1761	20190123-034-10X_crop.jpg	0.163	0
1762	20190123-034-10X_crop.jpg	0.081	0
1763	20190123-034-10X_crop.jpg	0.002	0
1764	20190123-034-10X_crop.jpg	4.761	0
1765	20190123-034-10X_crop.jpg	0.005	0
1766	20190123-034-10X_crop.jpg	3.409	0
1767	20190123-034-10X_crop.jpg	0.019	0
1768	20190123-034-10X_crop.jpg	0.498	0
1769	20190123-034-10X_crop.jpg	0.014	0
1770	20190123-034-10X_crop.jpg	0.017	0
1771	20190123-034-10X_crop.jpg	0.053	0
1772	20190123-034-10X_crop.jpg	0.211	0
1773	20190123-034-10X_crop.jpg	0.017	0
1774	20190123-034-10X_crop.jpg	2.008	0
1775	20190123-034-10X_crop.jpg	0.017	0
1776	20190123-034-10X_crop.jpg	0.115	0
1777	20190123-034-10X_crop.jpg	0.089	0
1778	20190123-034-10X_crop.jpg	0.026	0
1779	20190123-034-10X_crop.jpg	0.002	0
1780	20190123-034-10X_crop.jpg	0.058	0
1781	20190123-034-10X_crop.jpg	0.462	0
1782	20190123-034-10X_crop.jpg	0.146	0
1783	20190123-034-10X_crop.jpg	0.002	0
1784	20190123-034-10X_crop.jpg	0.007	0
1785	20190123-034-10X_crop.jpg	0.074	0
1786	20190123-034-10X_crop.jpg	0.002	0
1787	20190123-034-10X_crop.jpg	0.034	0
1788	20190123-034-10X_crop.jpg	0.019	0
1789	20190123-034-10X_crop.jpg	0.002	0
1790	20190123-034-10X_crop.jpg	0.002	0
1791	20190123-034-10X_crop.jpg	1.313	0
1792	20190123-034-10X_crop.jpg	0.036	0
1793	20190123-034-10X_crop.jpg	0.019	0
1794	20190123-034-10X_crop.jpg	0.187	0
1795	20190123-034-10X_crop.jpg	0.664	0
1796	20190123-034-10X_crop.jpg	0.002	0
1797	20190123-034-10X_crop.jpg	0.002	0
1798	20190123-034-10X_crop.jpg	0.002	0
1799	20190123-034-10X_crop.jpg	0.002	0
1800	20190123-034-10X_crop.jpg	0.002	0
1801	20190123-034-10X_crop.jpg	0.010	0
1802	20190123-034-10X_crop.jpg	0.007	0
1803	20190123-034-10X_crop.jpg	0.014	0
1804	20190123-034-10X_crop.jpg	0.005	0
1805	20190123-034-10X_crop.jpg	0.827	0
1806	20190123-034-10X_crop.jpg	0.041	0
1807	20190123-034-10X_crop.jpg	0.110	0
1808	20190123-034-10X_crop.jpg	0.007	0
1809	20190123-034-10X_crop.jpg	0.151	0
1810	20190123-034-10X_crop.jpg	0.002	0
1811	20190123-034-10X_crop.jpg	0.024	0
1812	20190123-034-10X_crop.jpg	0.014	0
1813	20190123-034-10X_crop.jpg	0.010	0
1814	20190123-034-10X_crop.jpg	5.151	0
1815	20190123-034-10X_crop.jpg	0.096	0
1816	20190123-034-10X_crop.jpg	0.005	0
1817	20190123-034-10X_crop.jpg	0.029	0
1818	20190123-034-10X_crop.jpg	0.192	0
1819	20190123-034-10X_crop.jpg	0.014	0
1820	20190123-034-10X_crop.jpg	0.002	0
1821	20190123-034-10X_crop.jpg	0.208	0
1822	20190123-034-10X_crop.jpg	0.034	0
1823	20190123-034-10X_crop.jpg	0.029	0
1824	20190123-034-10X_crop.jpg	0.151	0
1825	20190123-034-10X_crop.jpg	0.062	0
1826	20190123-034-10X_crop.jpg	0.002	0
1827	20190123-034-10X_crop.jpg	7.535	0
1828	20190123-034-10X_crop.jpg	0.002	0
1829	20190123-034-10X_crop.jpg	0.010	0
1830	20190123-034-10X_crop.jpg	0.005	0
1831	20190123-034-10X_crop.jpg	0.223	0
1832	20190123-034-10X_crop.jpg	5.297	0
1833	20190123-034-10X_crop.jpg	0.115	0
1834	20190123-034-10X_crop.jpg	0.069	0
1835	20190123-034-10X_crop.jpg	0.041	0
1836	20190123-034-10X_crop.jpg	0.079	0
1837	20190123-034-10X_crop.jpg	0.139	0
1838	20190123-034-10X_crop.jpg	0.201	0
1839	20190123-034-10X_crop.jpg	0.551	0
1840	20190123-034-10X_crop.jpg	0.002	0
1841	20190123-034-10X_crop.jpg	0.216	0
1842	20190123-034-10X_crop.jpg	0.031	0
1843	20190123-034-10X_crop.jpg	0.225	0
1844	20190123-034-10X_crop.jpg	0.012	0
1845	20190123-034-10X_crop.jpg	0.038	0
1846	20190123-034-10X_crop.jpg	0.024	0
1847	20190123-034-10X_crop.jpg	0.113	0
1848	20190123-034-10X_crop.jpg	0.050	0
1849	20190123-034-10X_crop.jpg	0.043	0
1850	20190123-034-10X_crop.jpg	0.041	0
1851	20190123-034-10X_crop.jpg	0.019	0
1852	20190123-034-10X_crop.jpg	0.046	0
1853	20190123-034-10X_crop.jpg	0.113	0
1854	20190123-034-10X_crop.jpg	0.089	0
1855	20190123-034-10X_crop.jpg	0.010	0
1856	20190123-034-10X_crop.jpg	0.417	0
1857	20190123-034-10X_crop.jpg	0.012	0
1858	20190123-034-10X_crop.jpg	0.002	0
1859	20190123-034-10X_crop.jpg	0.165	0
1860	20190123-034-10X_crop.jpg	0.134	0
1861	20190123-034-10X_crop.jpg	0.034	0
1862	20190123-034-10X_crop.jpg	0.022	0
1863	20190123-034-10X_crop.jpg	0.014	0
1864	20190123-034-10X_crop.jpg	2.269	0
1865	20190123-034-10X_crop.jpg	0.180	0
1866	20190123-034-10X_crop.jpg	0.034	0
1867	20190123-034-10X_crop.jpg	0.084	0
1868	20190123-034-10X_crop.jpg	0.012	0
1869	20190123-034-10X_crop.jpg	0.014	0
1870	20190123-034-10X_crop.jpg	0.012	0
1871	20190123-034-10X_crop.jpg	0.002	0
1872	20190123-034-10X_crop.jpg	0.034	0
1873	20190123-034-10X_crop.jpg	0.034	0
1874	20190123-034-10X_crop.jpg	0.053	0
1875	20190123-034-10X_crop.jpg	0.005	0
1876	20190123-034-10X_crop.jpg	0.002	0
1877	20190123-034-10X_crop.jpg	0.323	0
1878	20190123-034-10X_crop.jpg	0.086	0
1879	20190123-034-10X_crop.jpg	0.062	0
1880	20190123-034-10X_crop.jpg	0.362	0
1881	20190123-034-10X_crop.jpg	0.024	0
1882	20190123-034-10X_crop.jpg	0.036	0
1883	20190123-034-10X_crop.jpg	0.067	0
1884	20190123-034-10X_crop.jpg	0.012	0
1885	20190123-034-10X_crop.jpg	0.002	0
1886	20190123-034-10X_crop.jpg	0.053	0
1887	20190123-034-10X_crop.jpg	5.714	0
1888	20190123-034-10X_crop.jpg	0.407	0
1889	20190123-034-10X_crop.jpg	0.096	0
1890	20190123-034-10X_crop.jpg	0.050	0
1891	20190123-034-10X_crop.jpg	0.024	0
1892	20190123-034-10X_crop.jpg	0.053	0
1893	20190123-034-10X_crop.jpg	0.005	0
1894	20190123-034-10X_crop.jpg	0.089	0
1895	20190123-034-10X_crop.jpg	0.048	0
1896	20190123-034-10X_crop.jpg	0.980	0
1897	20190123-034-10X_crop.jpg	0.125	0
1898	20190123-034-10X_crop.jpg	0.005	0
1899	20190123-034-10X_crop.jpg	0.055	0
1900	20190123-034-10X_crop.jpg	0.482	0
1901	20190123-034-10X_crop.jpg	0.002	0
1902	20190123-034-10X_crop.jpg	0.017	0
1903	20190123-034-10X_crop.jpg	0.089	0
1904	20190123-034-10X_crop.jpg	0.012	0
1905	20190123-034-10X_crop.jpg	0.031	0
1906	20190123-034-10X_crop.jpg	0.007	0
1907	20190123-034-10X_crop.jpg	0.036	0
1908	20190123-034-10X_crop.jpg	0.156	0
1909	20190123-034-10X_crop.jpg	0.062	0
1910	20190123-034-10X_crop.jpg	2.274	0
1911	20190123-034-10X_crop.jpg	0.002	0
1912	20190123-034-10X_crop.jpg	0.036	0
1913	20190123-034-10X_crop.jpg	2.286	0
1914	20190123-034-10X_crop.jpg	0.141	0
1915	20190123-034-10X_crop.jpg	0.031	0
1916	20190123-034-10X_crop.jpg	0.709	0
1917	20190123-034-10X_crop.jpg	0.829	0
1918	20190123-034-10X_crop.jpg	8.893	0
1919	20190123-034-10X_crop.jpg	0.010	0
1920	20190123-034-10X_crop.jpg	0.002	0
1921	20190123-034-10X_crop.jpg	0.002	0
1922	20190123-034-10X_crop.jpg	0.014	0
1923	20190123-034-10X_crop.jpg	0.024	0
1924	20190123-034-10X_crop.jpg	0.127	0
1925	20190123-034-10X_crop.jpg	0.019	0
1926	20190123-034-10X_crop.jpg	0.002	0
1927	20190123-034-10X_crop.jpg	0.024	0
1928	20190123-034-10X_crop.jpg	0.079	0
1929	20190123-034-10X_crop.jpg	0.074	0
1930	20190123-034-10X_crop.jpg	0.113	0
1931	20190123-034-10X_crop.jpg	0.026	0
1932	20190123-034-10X_crop.jpg	0.005	0
1933	20190123-034-10X_crop.jpg	2.626	0
1934	20190123-034-10X_crop.jpg	0.014	0
1935	20190123-034-10X_crop.jpg	0.002	0
1936	20190123-034-10X_crop.jpg	0.144	0
1937	20190123-034-10X_crop.jpg	0.019	0
1938	20190123-034-10X_crop.jpg	0.036	0
1939	20190123-034-10X_crop.jpg	0.386	0
1940	20190123-034-10X_crop.jpg	3.318	0
1941	20190123-034-10X_crop.jpg	0.709	0
1942	20190123-034-10X_crop.jpg	0.168	0
1943	20190123-034-10X_crop.jpg	0.666	0
1944	20190123-034-10X_crop.jpg	0.002	0
1945	20190123-034-10X_crop.jpg	0.242	0
1946	20190123-034-10X_crop.jpg	0.002	0
1947	20190123-034-10X_crop.jpg	0.017	0
1948	20190123-034-10X_crop.jpg	1.102	0
1949	20190123-034-10X_crop.jpg	0.012	0
1950	20190123-034-10X_crop.jpg	0.019	0
1951	20190123-034-10X_crop.jpg	0.182	0
1952	20190123-034-10X_crop.jpg	0.117	0
1953	20190123-034-10X_crop.jpg	0.132	0
1954	20190123-034-10X_crop.jpg	0.002	0
1955	20190123-034-10X_crop.jpg	0.036	0
1956	20190123-034-10X_crop.jpg	0.002	0
1957	20190123-034-10X_crop.jpg	0.994	0
1958	20190123-034-10X_crop.jpg	0.012	0
1959	20190123-034-10X_crop.jpg	0.156	0
1960	20190123-034-10X_crop.jpg	0.278	0
1961	20190123-034-10X_crop.jpg	0.757	0
1962	20190123-034-10X_crop.jpg	0.010	0
1963	20190123-034-10X_crop.jpg	0.240	0
1964	20190123-034-10X_crop.jpg	0.014	0
1965	20190123-034-10X_crop.jpg	0.029	0
1966	20190123-034-10X_crop.jpg	0.005	0
1967	20190123-034-10X_crop.jpg	0.465	0
1968	20190123-034-10X_crop.jpg	0.010	0
1969	20190123-034-10X_crop.jpg	0.002	0
1970	20190123-034-10X_crop.jpg	0.002	0
1971	20190123-034-10X_crop.jpg	0.002	0
1972	20190123-034-10X_crop.jpg	0.168	0
1973	20190123-034-10X_crop.jpg	0.108	0
1974	20190123-034-10X_crop.jpg	0.002	0
1975	20190123-034-10X_crop.jpg	0.007	0
1976	20190123-034-10X_crop.jpg	0.002	0
1977	20190123-034-10X_crop.jpg	0.889	0
1978	20190123-034-10X_crop.jpg	0.024	0
1979	20190123-034-10X_crop.jpg	0.271	0
1980	20190123-034-10X_crop.jpg	0.019	0
1981	20190123-034-10X_crop.jpg	0.323	0
1982	20190123-034-10X_crop.jpg	0.002	0
1983	20190123-034-10X_crop.jpg	0.048	0
1984	20190123-034-10X_crop.jpg	0.043	0
1985	20190123-034-10X_crop.jpg	0.208	0
1986	20190123-034-10X_crop.jpg	0.323	0
1987	20190123-034-10X_crop.jpg	1.176	0
1988	20190123-034-10X_crop.jpg	0.012	0
1989	20190123-034-10X_crop.jpg	0.053	0
1990	20190123-034-10X_crop.jpg	0.613	0
1991	20190123-034-10X_crop.jpg	0.058	0
1992	20190123-034-10X_crop.jpg	0.204	0
1993	20190123-034-10X_crop.jpg	0.002	0
1994	20190123-034-10X_crop.jpg	0.005	0
1995	20190123-034-10X_crop.jpg	0.067	0
1996	20190123-034-10X_crop.jpg	0.002	0
1997	20190123-034-10X_crop.jpg	0.093	0
1998	20190123-034-10X_crop.jpg	0.014	0
1999	20190123-034-10X_crop.jpg	0.187	0
2000	20190123-034-10X_crop.jpg	0.225	0
2001	20190123-034-10X_crop.jpg	0.019	0
2002	20190123-034-10X_crop.jpg	0.017	0
2003	20190123-034-10X_crop.jpg	0.062	0
2004	20190123-034-10X_crop.jpg	0.019	0
2005	20190123-034-10X_crop.jpg	0.038	0
2006	20190123-034-10X_crop.jpg	0.177	0
2007	20190123-034-10X_crop.jpg	0.029	0
2008	20190123-034-10X_crop.jpg	0.002	0
2009	20190123-034-10X_crop.jpg	0.046	0
2010	20190123-034-10X_crop.jpg	0.108	0
2011	20190123-034-10X_crop.jpg	1.524	0
2012	20190123-034-10X_crop.jpg	0.081	0
2013	20190123-034-10X_crop.jpg	0.002	0
2014	20190123-034-10X_crop.jpg	0.007	0
2015	20190123-034-10X_crop.jpg	0.165	0
2016	20190123-034-10X_crop.jpg	0.132	0
2017	20190123-034-10X_crop.jpg	0.019	0
2018	20190123-034-10X_crop.jpg	0.113	0
2019	20190123-034-10X_crop.jpg	1.174	0
2020	20190123-034-10X_crop.jpg	0.122	0
2021	20190123-034-10X_crop.jpg	5.362	0
2022	20190123-034-10X_crop.jpg	0.084	0
2023	20190123-034-10X_crop.jpg	0.019	0
2024	20190123-034-10X_crop.jpg	0.196	0
2025	20190123-034-10X_crop.jpg	0.026	0
2026	20190123-034-10X_crop.jpg	0.105	0
2027	20190123-034-10X_crop.jpg	0.002	0
2028	20190123-034-10X_crop.jpg	0.002	0
2029	20190123-034-10X_crop.jpg	0.827	0
2030	20190123-034-10X_crop.jpg	0.024	0
2031	20190123-034-10X_crop.jpg	7.921	0
2032	20190123-034-10X_crop.jpg	0.002	0
2033	20190123-034-10X_crop.jpg	0.443	0
2034	20190123-034-10X_crop.jpg	0.103	0
2035	20190123-034-10X_crop.jpg	0.019	0
2036	20190123-034-10X_crop.jpg	0.007	0
2037	20190123-034-10X_crop.jpg	0.002	0
2038	20190123-034-10X_crop.jpg	0.010	0
2039	20190123-034-10X_crop.jpg	0.177	0
2040	20190123-034-10X_crop.jpg	0.024	0
2041	20190123-034-10X_crop.jpg	0.117	0
2042	20190123-034-10X_crop.jpg	0.096	0
2043	20190123-034-10X_crop.jpg	0.292	0
2044	20190123-034-10X_crop.jpg	0.745	0
2045	20190123-034-10X_crop.jpg	0.014	0
2046	20190123-034-10X_crop.jpg	8.769	0
2047	20190123-034-10X_crop.jpg	0.355	0
2048	20190123-034-10X_crop.jpg	0.002	0
2049	20190123-034-10X_crop.jpg	0.007	0
2050	20190123-034-10X_crop.jpg	0.002	0
2051	20190123-034-10X_crop.jpg	0.026	0
2052	20190123-034-10X_crop.jpg	0.187	0
2053	20190123-034-10X_crop.jpg	0.002	0
2054	20190123-034-10X_crop.jpg	0.029	0
2055	20190123-034-10X_crop.jpg	0.002	0
2056	20190123-034-10X_crop.jpg	5.923	0
2057	20190123-034-10X_crop.jpg	0.065	0
2058	20190123-034-10X_crop.jpg	0.220	0
2059	20190123-034-10X_crop.jpg	0.005	0
2060	20190123-034-10X_crop.jpg	0.010	0
2061	20190123-034-10X_crop.jpg	0.906	0
2062	20190123-034-10X_crop.jpg	0.005	0
2063	20190123-034-10X_crop.jpg	0.017	0
2064	20190123-034-10X_crop.jpg	0.036	0
2065	20190123-034-10X_crop.jpg	0.510	0
2066	20190123-034-10X_crop.jpg	0.046	0
2067	20190123-034-10X_crop.jpg	3.299	0
2068	20190123-034-10X_crop.jpg	0.002	0
2069	20190123-034-10X_crop.jpg	0.002	0
2070	20190123-034-10X_crop.jpg	0.046	0
2071	20190123-034-10X_crop.jpg	0.002	0
2072	20190123-034-10X_crop.jpg	0.002	0
2073	20190123-034-10X_crop.jpg	8.841	0
2074	20190123-034-10X_crop.jpg	0.005	0
2075	20190123-034-10X_crop.jpg	0.007	0
2076	20190123-034-10X_crop.jpg	0.812	0
2077	20190123-034-10X_crop.jpg	0.002	0
2078	20190123-034-10X_crop.jpg	0.029	0
2079	20190123-034-10X_crop.jpg	0.002	0
2080	20190123-034-10X_crop.jpg	0.007	0
2081	20190123-034-10X_crop.jpg	0.002	0
2082	20190123-034-10X_crop.jpg	0.005	0
2083	20190123-034-10X_crop.jpg	0.062	0
2084	20190123-034-10X_crop.jpg	0.541	0
2085	20190123-034-10X_crop.jpg	6.323	0
2086	20190123-034-10X_crop.jpg	0.084	0
2087	20190123-034-10X_crop.jpg	0.012	0
2088	20190123-034-10X_crop.jpg	0.149	0
2089	20190123-034-10X_crop.jpg	0.053	0
2090	20190123-034-10X_crop.jpg	0.002	0
2091	20190123-034-10X_crop.jpg	6.883	0
2092	20190123-034-10X_crop.jpg	2.758	0
2093	20190123-034-10X_crop.jpg	0.012	0
2094	20190123-034-10X_crop.jpg	0.048	0
2095	20190123-034-10X_crop.jpg	0.288	0
2096	20190123-034-10X_crop.jpg	0.026	0
2097	20190123-034-10X_crop.jpg	3.143	0
2098	20190123-034-10X_crop.jpg	0.738	0
2099	20190123-034-10X_crop.jpg	0.446	0
2100	20190123-034-10X_crop.jpg	0.012	0
2101	20190123-034-10X_crop.jpg	2.163	0
2102	20190123-034-10X_crop.jpg	1.524	0
2103	20190123-034-10X_crop.jpg	0.007	0
2104	20190123-034-10X_crop.jpg	0.180	0
2105	20190123-034-10X_crop.jpg	1.507	0
2106	20190123-034-10X_crop.jpg	0.034	0
2107	20190123-034-10X_crop.jpg	0.010	0
2108	20190123-034-10X_crop.jpg	0.017	0
2109	20190123-034-10X_crop.jpg	0.002	0
2110	20190123-034-10X_crop.jpg	0.002	0
2111	20190123-034-10X_crop.jpg	0.002	0
2112	20190123-034-10X_crop.jpg	3.484	0
2113	20190123-034-10X_crop.jpg	0.407	0
2114	20190123-034-10X_crop.jpg	0.002	0
2115	20190123-034-10X_crop.jpg	0.014	0
2116	20190123-034-10X_crop.jpg	0.002	0
2117	20190123-034-10X_crop.jpg	0.002	0
2118	20190123-034-10X_crop.jpg	0.026	0
2119	20190123-034-10X_crop.jpg	0.010	0
2120	20190123-034-10X_crop.jpg	1.886	0
2121	20190123-034-10X_crop.jpg	0.091	0
2122	20190123-034-10X_crop.jpg	0.002	0
2123	20190123-034-10X_crop.jpg	0.010	0
2124	20190123-034-10X_crop.jpg	0.007	0
2125	20190123-034-10X_crop.jpg	0.072	0
2126	20190123-034-10X_crop.jpg	0.141	0
2127	20190123-034-10X_crop.jpg	4.974	0
2128	20190123-034-10X_crop.jpg	0.002	0
2129	20190123-034-10X_crop.jpg	0.055	0
2130	20190123-034-10X_crop.jpg	2.022	0
2131	20190123-034-10X_crop.jpg	1.898	0
2132	20190123-034-10X_crop.jpg	0.002	0
2133	20190123-034-10X_crop.jpg	0.002	0
2134	20190123-034-10X_crop.jpg	0.010	0
2135	20190123-034-10X_crop.jpg	0.005	0
2136	20190123-034-10X_crop.jpg	0.005	0
2137	20190123-034-10X_crop.jpg	0.125	0
2138	20190123-034-10X_crop.jpg	0.060	0
2139	20190123-034-10X_crop.jpg	0.985	0
2140	20190123-034-10X_crop.jpg	0.022	0
2141	20190123-034-10X_crop.jpg	0.156	0
2142	20190123-034-10X_crop.jpg	0.096	0
2143	20190123-034-10X_crop.jpg	0.005	0
2144	20190123-034-10X_crop.jpg	0.091	0
2145	20190123-034-10X_crop.jpg	0.103	0
2146	20190123-034-10X_crop.jpg	0.050	0
2147	20190123-034-10X_crop.jpg	0.034	0
2148	20190123-034-10X_crop.jpg	0.108	0
2149	20190123-034-10X_crop.jpg	0.031	0
2150	20190123-034-10X_crop.jpg	0.002	0
2151	20190123-034-10X_crop.jpg	0.007	0
2152	20190123-034-10X_crop.jpg	3.486	0
2153	20190123-034-10X_crop.jpg	0.002	0
2154	20190123-034-10X_crop.jpg	0.005	0
2155	20190123-034-10X_crop.jpg	0.046	0
2156	20190123-034-10X_crop.jpg	0.002	0
2157	20190123-034-10X_crop.jpg	0.046	0
2158	20190123-034-10X_crop.jpg	0.005	0
2159	20190123-034-10X_crop.jpg	0.005	0
2160	20190123-034-10X_crop.jpg	0.781	0
2161	20190123-034-10X_crop.jpg	0.050	0
2162	20190123-034-10X_crop.jpg	0.002	0
2163	20190123-034-10X_crop.jpg	0.002	0
2164	20190123-034-10X_crop.jpg	0.074	0
2165	20190123-034-10X_crop.jpg	0.091	0
2166	20190123-034-10X_crop.jpg	0.005	0
2167	20190123-034-10X_crop.jpg	0.053	0
2168	20190123-034-10X_crop.jpg	0.002	0
2169	20190123-034-10X_crop.jpg	0.122	0
2170	20190123-034-10X_crop.jpg	0.002	0
2171	20190123-034-10X_crop.jpg	0.024	0
2172	20190123-034-10X_crop.jpg	0.074	0
2173	20190123-034-10X_crop.jpg	0.002	0
2174	20190123-034-10X_crop.jpg	0.002	0
2175	20190123-034-10X_crop.jpg	0.383	0
2176	20190123-034-10X_crop.jpg	0.002	0
2177	20190123-034-10X_crop.jpg	0.002	0
2178	20190123-034-10X_crop.jpg	0.002	0
2179	20190123-034-10X_crop.jpg	0.005	0
2180	20190123-034-10X_crop.jpg	0.005	0
2181	20190123-034-10X_crop.jpg	0.062	0
2182	20190123-034-10X_crop.jpg	0.019	0
2183	20190123-034-10X_crop.jpg	0.930	0
2184	20190123-034-10X_crop.jpg	0.024	0
2185	20190123-034-10X_crop.jpg	0.002	0
2186	20190123-034-10X_crop.jpg	0.328	0
2187	20190123-034-10X_crop.jpg	0.091	0
2188	20190123-034-10X_crop.jpg	2.221	0
2189	20190123-034-10X_crop.jpg	5.458	0
2190	20190123-034-10X_crop.jpg	0.498	0
2191	20190123-034-10X_crop.jpg	0.266	0
2192	20190123-034-10X_crop.jpg	0.029	0
2193	20190123-034-10X_crop.jpg	0.120	0
2194	20190123-034-10X_crop.jpg	0.381	0
2195	20190123-034-10X_crop.jpg	0.041	0
2196	20190123-034-10X_crop.jpg	0.026	0
2197	20190123-034-10X_crop.jpg	0.002	0
2198	20190123-034-10X_crop.jpg	2.822	0
2199	20190123-034-10X_crop.jpg	0.010	0
2200	20190123-034-10X_crop.jpg	0.084	0
2201	20190123-034-10X_crop.jpg	0.668	0
2202	20190123-034-10X_crop.jpg	0.002	0
2203	20190123-034-10X_crop.jpg	0.002	0
2204	20190123-034-10X_crop.jpg	0.048	0
2205	20190123-034-10X_crop.jpg	0.060	0
2206	20190123-034-10X_crop.jpg	0.026	0
2207	20190123-034-10X_crop.jpg	0.024	0
2208	20190123-034-10X_crop.jpg	0.122	0
2209	20190123-034-10X_crop.jpg	0.019	0
2210	20190123-034-10X_crop.jpg	0.012	0
2211	20190123-034-10X_crop.jpg	0.029	0
2212	20190123-034-10X_crop.jpg	0.058	0
2213	20190123-034-10X_crop.jpg	0.101	0
2214	20190123-034-10X_crop.jpg	0.005	0
2215	20190123-034-10X_crop.jpg	0.496	0
2216	20190123-034-10X_crop.jpg	0.081	0
2217	20190123-034-10X_crop.jpg	0.010	0
2218	20190123-034-10X_crop.jpg	0.048	0
2219	20190123-034-10X_crop.jpg	0.007	0
2220	20190123-034-10X_crop.jpg	0.165	0
2221	20190123-034-10X_crop.jpg	0.002	0
2222	20190123-034-10X_crop.jpg	0.259	0
2223	20190123-034-10X_crop.jpg	0.002	0
2224	20190123-034-10X_crop.jpg	0.161	0
2225	20190123-034-10X_crop.jpg	0.043	0
2226	20190123-034-10X_crop.jpg	0.014	0
2227	20190123-034-10X_crop.jpg	0.002	0
2228	20190123-034-10X_crop.jpg	0.007	0
2229	20190123-034-10X_crop.jpg	0.122	0
2230	20190123-034-10X_crop.jpg	0.005	0
2231	20190123-034-10X_crop.jpg	1.219	0
2232	20190123-034-10X_crop.jpg	0.026	0
2233	20190123-034-10X_crop.jpg	0.458	0
2234	20190123-034-10X_crop.jpg	0.089	0
2235	20190123-034-10X_crop.jpg	0.043	0
2236	20190123-034-10X_crop.jpg	0.007	0
2237	20190123-034-10X_crop.jpg	0.022	0
2238	20190123-034-10X_crop.jpg	0.002	0
2239	20190123-034-10X_crop.jpg	0.077	0
2240	20190123-034-10X_crop.jpg	0.898	0
2241	20190123-034-10X_crop.jpg	0.014	0
2242	20190123-034-10X_crop.jpg	0.053	0
2243	20190123-034-10X_crop.jpg	0.563	0
2244	20190123-034-10X_crop.jpg	0.022	0
2245	20190123-034-10X_crop.jpg	0.014	0
2246	20190123-034-10X_crop.jpg	0.024	0
2247	20190123-034-10X_crop.jpg	0.002	0
2248	20190123-034-10X_crop.jpg	0.007	0
2249	20190123-034-10X_crop.jpg	0.036	0
2250	20190123-034-10X_crop.jpg	4.600	0
2251	20190123-034-10X_crop.jpg	1.526	0
2252	20190123-034-10X_crop.jpg	0.002	0
2253	20190123-034-10X_crop.jpg	0.376	0
2254	20190123-034-10X_crop.jpg	0.019	0
2255	20190123-034-10X_crop.jpg	0.005	0
2256	20190123-034-10X_crop.jpg	0.007	0
2257	20190123-034-10X_crop.jpg	0.146	0
2258	20190123-034-10X_crop.jpg	0.379	0
2259	20190123-034-10X_crop.jpg	0.007	0
2260	20190123-034-10X_crop.jpg	0.101	0
2261	20190123-034-10X_crop.jpg	0.005	0
2262	20190123-034-10X_crop.jpg	0.005	0
2263	20190123-034-10X_crop.jpg	0.268	0
2264	20190123-034-10X_crop.jpg	0.007	0
2265	20190123-034-10X_crop.jpg	0.007	0
2266	20190123-034-10X_crop.jpg	0.005	0
2267	20190123-034-10X_crop.jpg	0.007	0
2268	20190123-034-10X_crop.jpg	0.002	0
2269	20190123-034-10X_crop.jpg	0.005	0
2270	20190123-034-10X_crop.jpg	0.010	0
2271	20190123-034-10X_crop.jpg	0.017	0
2272	20190123-034-10X_crop.jpg	0.053	0
2273	20190123-034-10X_crop.jpg	0.242	0
2274	20190123-034-10X_crop.jpg	0.060	0
2275	20190123-034-10X_crop.jpg	0.005	0
2276	20190123-034-10X_crop.jpg	0.002	0
2277	20190123-034-10X_crop.jpg	0.060	0
2278	20190123-034-10X_crop.jpg	0.010	0
2279	20190123-034-10X_crop.jpg	0.177	0
2280	20190123-034-10X_crop.jpg	0.117	0
2281	20190123-034-10X_crop.jpg	0.640	0
2282	20190123-034-10X_crop.jpg	0.002	0
2283	20190123-034-10X_crop.jpg	0.002	0
2284	20190123-034-10X_crop.jpg	0.002	0
2285	20190123-034-10X_crop.jpg	0.002	0
2286	20190123-034-10X_crop.jpg	0.158	0
2287	20190123-034-10X_crop.jpg	0.091	0
2288	20190123-034-10X_crop.jpg	0.062	0
2289	20190123-034-10X_crop.jpg	0.014	0
2290	20190123-034-10X_crop.jpg	0.005	0
2291	20190123-034-10X_crop.jpg	0.046	0
2292	20190123-034-10X_crop.jpg	0.022	0
2293	20190123-034-10X_crop.jpg	0.002	0
2294	20190123-034-10X_crop.jpg	0.086	0
2295	20190123-034-10X_crop.jpg	0.074	0
2296	20190123-034-10X_crop.jpg	0.002	0
2297	20190123-034-10X_crop.jpg	0.127	0
2298	20190123-034-10X_crop.jpg	0.029	0
2299	20190123-034-10X_crop.jpg	0.002	0
2300	20190123-034-10X_crop.jpg	0.182	0
2301	20190123-034-10X_crop.jpg	0.005	0
2302	20190123-034-10X_crop.jpg	0.010	0
2303	20190123-034-10X_crop.jpg	0.012	0
2304	20190123-034-10X_crop.jpg	0.077	0
2305	20190123-034-10X_crop.jpg	0.223	0
2306	20190123-034-10X_crop.jpg	0.002	0
2307	20190123-034-10X_crop.jpg	0.036	0
2308	20190123-034-10X_crop.jpg	0.029	0
2309	20190123-034-10X_crop.jpg	0.031	0
2310	20190123-034-10X_crop.jpg	0.034	0
2311	20190123-034-10X_crop.jpg	0.010	0
2312	20190123-034-10X_crop.jpg	0.046	0
2313	20190123-034-10X_crop.jpg	0.002	0
2314	20190123-034-10X_crop.jpg	0.017	0
2315	20190123-034-10X_crop.jpg	0.017	0
2316	20190123-034-10X_crop.jpg	0.005	0
2317	20190123-034-10X_crop.jpg	0.002	0
2318	20190123-034-10X_crop.jpg	7829.505	0
