 	Label	Area	%Area
1	20190221-6-10x.jpg	17961.684	0
2	20190221-6-10x.jpg	2492.933	0
3	20190221-6-10x.jpg	10.959	0
4	20190221-6-10x.jpg	2.128	0
5	20190221-6-10x.jpg	6.589	0
6	20190221-6-10x.jpg	8.865	0
7	20190221-6-10x.jpg	0.149	0
8	20190221-6-10x.jpg	3.016	0
9	20190221-6-10x.jpg	9.519	0
10	20190221-6-10x.jpg	0.007	0
11	20190221-6-10x.jpg	0.072	0
12	20190221-6-10x.jpg	0.002	0
13	20190221-6-10x.jpg	0.053	0
14	20190221-6-10x.jpg	0.010	0
15	20190221-6-10x.jpg	17.531	0
16	20190221-6-10x.jpg	0.019	0
17	20190221-6-10x.jpg	0.012	0
18	20190221-6-10x.jpg	0.002	0
19	20190221-6-10x.jpg	20.221	0
20	20190221-6-10x.jpg	3.043	0
21	20190221-6-10x.jpg	0.002	0
22	20190221-6-10x.jpg	0.434	0
23	20190221-6-10x.jpg	0.122	0
24	20190221-6-10x.jpg	0.062	0
25	20190221-6-10x.jpg	0.484	0
26	20190221-6-10x.jpg	0.060	0
27	20190221-6-10x.jpg	0.012	0
28	20190221-6-10x.jpg	0.084	0
29	20190221-6-10x.jpg	0.002	0
30	20190221-6-10x.jpg	0.005	0
31	20190221-6-10x.jpg	3.642	0
32	20190221-6-10x.jpg	6.579	0
33	20190221-6-10x.jpg	0.036	0
34	20190221-6-10x.jpg	0.002	0
35	20190221-6-10x.jpg	0.002	0
36	20190221-6-10x.jpg	13.156	0
37	20190221-6-10x.jpg	0.010	0
38	20190221-6-10x.jpg	0.192	0
39	20190221-6-10x.jpg	0.012	0
40	20190221-6-10x.jpg	0.072	0
41	20190221-6-10x.jpg	0.069	0
42	20190221-6-10x.jpg	0.223	0
43	20190221-6-10x.jpg	6.332	0
44	20190221-6-10x.jpg	0.002	0
45	20190221-6-10x.jpg	0.374	0
46	20190221-6-10x.jpg	20.758	0
47	20190221-6-10x.jpg	0.002	0
48	20190221-6-10x.jpg	7.473	0
49	20190221-6-10x.jpg	0.007	0
50	20190221-6-10x.jpg	0.012	0
51	20190221-6-10x.jpg	9.988	0
52	20190221-6-10x.jpg	2.477	0
53	20190221-6-10x.jpg	18.858	0
54	20190221-6-10x.jpg	0.014	0
55	20190221-6-10x.jpg	0.041	0
56	20190221-6-10x.jpg	0.022	0
57	20190221-6-10x.jpg	0.053	0
58	20190221-6-10x.jpg	0.007	0
59	20190221-6-10x.jpg	0.074	0
60	20190221-6-10x.jpg	0.005	0
61	20190221-6-10x.jpg	1.270	0
62	20190221-6-10x.jpg	0.005	0
63	20190221-6-10x.jpg	3.886	0
64	20190221-6-10x.jpg	0.002	0
65	20190221-6-10x.jpg	0.058	0
66	20190221-6-10x.jpg	0.096	0
67	20190221-6-10x.jpg	0.002	0
68	20190221-6-10x.jpg	5.249	0
69	20190221-6-10x.jpg	1.933	0
70	20190221-6-10x.jpg	0.050	0
71	20190221-6-10x.jpg	0.050	0
72	20190221-6-10x.jpg	0.002	0
73	20190221-6-10x.jpg	10.892	0
74	20190221-6-10x.jpg	0.024	0
75	20190221-6-10x.jpg	15.748	0
76	20190221-6-10x.jpg	0.161	0
77	20190221-6-10x.jpg	0.010	0
78	20190221-6-10x.jpg	0.067	0
79	20190221-6-10x.jpg	0.060	0
80	20190221-6-10x.jpg	0.247	0
81	20190221-6-10x.jpg	0.036	0
82	20190221-6-10x.jpg	0.252	0
83	20190221-6-10x.jpg	0.117	0
84	20190221-6-10x.jpg	0.002	0
85	20190221-6-10x.jpg	0.029	0
86	20190221-6-10x.jpg	9.456	0
87	20190221-6-10x.jpg	0.002	0
88	20190221-6-10x.jpg	11.658	0
89	20190221-6-10x.jpg	0.067	0
90	20190221-6-10x.jpg	2.405	0
91	20190221-6-10x.jpg	0.024	0
92	20190221-6-10x.jpg	15.487	0
93	20190221-6-10x.jpg	0.002	0
94	20190221-6-10x.jpg	4.154	0
95	20190221-6-10x.jpg	0.060	0
96	20190221-6-10x.jpg	0.060	0
97	20190221-6-10x.jpg	0.393	0
98	20190221-6-10x.jpg	13.829	0
99	20190221-6-10x.jpg	0.125	0
100	20190221-6-10x.jpg	0.177	0
101	20190221-6-10x.jpg	0.213	0
102	20190221-6-10x.jpg	0.005	0
103	20190221-6-10x.jpg	0.002	0
104	20190221-6-10x.jpg	0.002	0
105	20190221-6-10x.jpg	0.046	0
106	20190221-6-10x.jpg	0.002	0
107	20190221-6-10x.jpg	0.002	0
108	20190221-6-10x.jpg	9.397	0
109	20190221-6-10x.jpg	0.537	0
110	20190221-6-10x.jpg	0.010	0
111	20190221-6-10x.jpg	0.026	0
112	20190221-6-10x.jpg	0.002	0
113	20190221-6-10x.jpg	0.005	0
114	20190221-6-10x.jpg	0.149	0
115	20190221-6-10x.jpg	0.022	0
116	20190221-6-10x.jpg	1.641	0
117	20190221-6-10x.jpg	0.005	0
118	20190221-6-10x.jpg	0.010	0
119	20190221-6-10x.jpg	0.072	0
120	20190221-6-10x.jpg	0.017	0
121	20190221-6-10x.jpg	0.017	0
122	20190221-6-10x.jpg	0.002	0
123	20190221-6-10x.jpg	0.002	0
124	20190221-6-10x.jpg	0.623	0
125	20190221-6-10x.jpg	14.361	0
126	20190221-6-10x.jpg	7.288	0
127	20190221-6-10x.jpg	0.005	0
128	20190221-6-10x.jpg	0.010	0
129	20190221-6-10x.jpg	0.014	0
130	20190221-6-10x.jpg	0.005	0
131	20190221-6-10x.jpg	0.194	0
132	20190221-6-10x.jpg	0.026	0
133	20190221-6-10x.jpg	0.010	0
134	20190221-6-10x.jpg	5.110	0
135	20190221-6-10x.jpg	1.967	0
136	20190221-6-10x.jpg	0.081	0
137	20190221-6-10x.jpg	32.141	0
138	20190221-6-10x.jpg	0.012	0
139	20190221-6-10x.jpg	0.161	0
140	20190221-6-10x.jpg	0.005	0
141	20190221-6-10x.jpg	0.002	0
142	20190221-6-10x.jpg	0.002	0
143	20190221-6-10x.jpg	0.048	0
144	20190221-6-10x.jpg	0.829	0
145	20190221-6-10x.jpg	0.069	0
146	20190221-6-10x.jpg	0.017	0
147	20190221-6-10x.jpg	0.002	0
148	20190221-6-10x.jpg	18.369	0
149	20190221-6-10x.jpg	0.002	0
150	20190221-6-10x.jpg	12.423	0
151	20190221-6-10x.jpg	0.017	0
152	20190221-6-10x.jpg	0.005	0
153	20190221-6-10x.jpg	9.916	0
154	20190221-6-10x.jpg	16.292	0
155	20190221-6-10x.jpg	0.295	0
156	20190221-6-10x.jpg	0.374	0
157	20190221-6-10x.jpg	0.002	0
158	20190221-6-10x.jpg	0.055	0
159	20190221-6-10x.jpg	18.731	0
160	20190221-6-10x.jpg	0.086	0
161	20190221-6-10x.jpg	5.537	0
162	20190221-6-10x.jpg	0.002	0
163	20190221-6-10x.jpg	4.741	0
164	20190221-6-10x.jpg	0.053	0
165	20190221-6-10x.jpg	0.029	0
166	20190221-6-10x.jpg	0.014	0
167	20190221-6-10x.jpg	0.034	0
168	20190221-6-10x.jpg	0.036	0
169	20190221-6-10x.jpg	0.005	0
170	20190221-6-10x.jpg	0.002	0
171	20190221-6-10x.jpg	0.002	0
172	20190221-6-10x.jpg	1.018	0
173	20190221-6-10x.jpg	0.501	0
174	20190221-6-10x.jpg	0.807	0
175	20190221-6-10x.jpg	0.002	0
176	20190221-6-10x.jpg	0.007	0
177	20190221-6-10x.jpg	0.043	0
178	20190221-6-10x.jpg	0.002	0
179	20190221-6-10x.jpg	14.198	0
180	20190221-6-10x.jpg	0.005	0
181	20190221-6-10x.jpg	0.022	0
182	20190221-6-10x.jpg	0.014	0
183	20190221-6-10x.jpg	0.036	0
184	20190221-6-10x.jpg	16.817	0
185	20190221-6-10x.jpg	0.007	0
186	20190221-6-10x.jpg	15.736	0
187	20190221-6-10x.jpg	0.053	0
188	20190221-6-10x.jpg	12.521	0
189	20190221-6-10x.jpg	6.910	0
190	20190221-6-10x.jpg	10.218	0
191	20190221-6-10x.jpg	0.115	0
192	20190221-6-10x.jpg	1.823	0
193	20190221-6-10x.jpg	0.053	0
194	20190221-6-10x.jpg	1.900	0
195	20190221-6-10x.jpg	1.914	0
196	20190221-6-10x.jpg	12.003	0
197	20190221-6-10x.jpg	0.079	0
198	20190221-6-10x.jpg	0.019	0
199	20190221-6-10x.jpg	0.005	0
200	20190221-6-10x.jpg	1.586	0
201	20190221-6-10x.jpg	0.007	0
202	20190221-6-10x.jpg	5.738	0
203	20190221-6-10x.jpg	0.017	0
204	20190221-6-10x.jpg	0.098	0
205	20190221-6-10x.jpg	0.165	0
206	20190221-6-10x.jpg	0.249	0
207	20190221-6-10x.jpg	1.502	0
208	20190221-6-10x.jpg	0.007	0
209	20190221-6-10x.jpg	0.041	0
210	20190221-6-10x.jpg	0.072	0
211	20190221-6-10x.jpg	7.065	0
212	20190221-6-10x.jpg	0.060	0
213	20190221-6-10x.jpg	12.411	0
214	20190221-6-10x.jpg	0.007	0
215	20190221-6-10x.jpg	0.017	0
216	20190221-6-10x.jpg	0.002	0
217	20190221-6-10x.jpg	0.060	0
218	20190221-6-10x.jpg	0.019	0
219	20190221-6-10x.jpg	0.005	0
220	20190221-6-10x.jpg	0.007	0
221	20190221-6-10x.jpg	0.002	0
222	20190221-6-10x.jpg	0.105	0
223	20190221-6-10x.jpg	0.005	0
224	20190221-6-10x.jpg	0.002	0
225	20190221-6-10x.jpg	0.010	0
226	20190221-6-10x.jpg	0.144	0
227	20190221-6-10x.jpg	15.283	0
228	20190221-6-10x.jpg	0.043	0
229	20190221-6-10x.jpg	0.002	0
230	20190221-6-10x.jpg	0.005	0
231	20190221-6-10x.jpg	2.933	0
232	20190221-6-10x.jpg	0.002	0
233	20190221-6-10x.jpg	8.187	0
234	20190221-6-10x.jpg	0.017	0
235	20190221-6-10x.jpg	0.017	0
236	20190221-6-10x.jpg	0.067	0
237	20190221-6-10x.jpg	0.022	0
238	20190221-6-10x.jpg	0.240	0
239	20190221-6-10x.jpg	0.216	0
240	20190221-6-10x.jpg	11.289	0
241	20190221-6-10x.jpg	0.019	0
242	20190221-6-10x.jpg	0.002	0
243	20190221-6-10x.jpg	23.479	0
244	20190221-6-10x.jpg	0.017	0
245	20190221-6-10x.jpg	8.541	0
246	20190221-6-10x.jpg	2.422	0
247	20190221-6-10x.jpg	16.508	0
248	20190221-6-10x.jpg	11.304	0
249	20190221-6-10x.jpg	0.985	0
250	20190221-6-10x.jpg	0.173	0
251	20190221-6-10x.jpg	0.058	0
252	20190221-6-10x.jpg	0.874	0
253	20190221-6-10x.jpg	0.141	0
254	20190221-6-10x.jpg	13.903	0
255	20190221-6-10x.jpg	0.022	0
256	20190221-6-10x.jpg	14.663	0
257	20190221-6-10x.jpg	3.594	0
258	20190221-6-10x.jpg	0.077	0
259	20190221-6-10x.jpg	0.005	0
260	20190221-6-10x.jpg	2.245	0
261	20190221-6-10x.jpg	0.014	0
262	20190221-6-10x.jpg	0.019	0
263	20190221-6-10x.jpg	0.002	0
264	20190221-6-10x.jpg	0.005	0
265	20190221-6-10x.jpg	2.688	0
266	20190221-6-10x.jpg	0.005	0
267	20190221-6-10x.jpg	0.007	0
268	20190221-6-10x.jpg	0.002	0
269	20190221-6-10x.jpg	14.569	0
270	20190221-6-10x.jpg	15.911	0
271	20190221-6-10x.jpg	14.529	0
272	20190221-6-10x.jpg	0.046	0
273	20190221-6-10x.jpg	1.564	0
274	20190221-6-10x.jpg	0.046	0
275	20190221-6-10x.jpg	19.076	0
276	20190221-6-10x.jpg	0.074	0
277	20190221-6-10x.jpg	0.024	0
278	20190221-6-10x.jpg	0.041	0
279	20190221-6-10x.jpg	0.005	0
280	20190221-6-10x.jpg	0.036	0
281	20190221-6-10x.jpg	1.097	0
282	20190221-6-10x.jpg	0.108	0
283	20190221-6-10x.jpg	0.017	0
284	20190221-6-10x.jpg	0.043	0
285	20190221-6-10x.jpg	0.002	0
286	20190221-6-10x.jpg	0.022	0
287	20190221-6-10x.jpg	0.031	0
288	20190221-6-10x.jpg	0.007	0
289	20190221-6-10x.jpg	0.012	0
290	20190221-6-10x.jpg	0.043	0
291	20190221-6-10x.jpg	0.005	0
292	20190221-6-10x.jpg	0.010	0
293	20190221-6-10x.jpg	0.002	0
294	20190221-6-10x.jpg	15.010	0
295	20190221-6-10x.jpg	0.002	0
296	20190221-6-10x.jpg	0.019	0
297	20190221-6-10x.jpg	8.721	0
298	20190221-6-10x.jpg	18.522	0
299	20190221-6-10x.jpg	20.473	0
300	20190221-6-10x.jpg	4.938	0
301	20190221-6-10x.jpg	11.613	0
302	20190221-6-10x.jpg	0.065	0
303	20190221-6-10x.jpg	0.002	0
304	20190221-6-10x.jpg	0.067	0
305	20190221-6-10x.jpg	11.237	0
306	20190221-6-10x.jpg	0.007	0
307	20190221-6-10x.jpg	0.005	0
308	20190221-6-10x.jpg	0.010	0
309	20190221-6-10x.jpg	0.026	0
310	20190221-6-10x.jpg	0.093	0
311	20190221-6-10x.jpg	0.012	0
312	20190221-6-10x.jpg	2.487	0
313	20190221-6-10x.jpg	0.096	0
314	20190221-6-10x.jpg	0.228	0
315	20190221-6-10x.jpg	0.007	0
316	20190221-6-10x.jpg	0.002	0
317	20190221-6-10x.jpg	0.005	0
318	20190221-6-10x.jpg	0.007	0
319	20190221-6-10x.jpg	0.007	0
320	20190221-6-10x.jpg	0.002	0
321	20190221-6-10x.jpg	0.007	0
322	20190221-6-10x.jpg	16.289	0
323	20190221-6-10x.jpg	0.002	0
324	20190221-6-10x.jpg	0.002	0
325	20190221-6-10x.jpg	2.959	0
326	20190221-6-10x.jpg	0.237	0
327	20190221-6-10x.jpg	0.002	0
328	20190221-6-10x.jpg	0.036	0
329	20190221-6-10x.jpg	1.107	0
330	20190221-6-10x.jpg	0.065	0
331	20190221-6-10x.jpg	21.345	0
332	20190221-6-10x.jpg	0.053	0
333	20190221-6-10x.jpg	0.002	0
334	20190221-6-10x.jpg	0.002	0
335	20190221-6-10x.jpg	0.036	0
336	20190221-6-10x.jpg	29.256	0
337	20190221-6-10x.jpg	15.084	0
338	20190221-6-10x.jpg	0.017	0
339	20190221-6-10x.jpg	0.024	0
340	20190221-6-10x.jpg	0.014	0
341	20190221-6-10x.jpg	0.271	0
342	20190221-6-10x.jpg	0.141	0
343	20190221-6-10x.jpg	10.484	0
344	20190221-6-10x.jpg	2.398	0
345	20190221-6-10x.jpg	0.002	0
346	20190221-6-10x.jpg	12.856	0
347	20190221-6-10x.jpg	0.036	0
348	20190221-6-10x.jpg	0.010	0
349	20190221-6-10x.jpg	0.010	0
350	20190221-6-10x.jpg	0.007	0
351	20190221-6-10x.jpg	16.833	0
352	20190221-6-10x.jpg	0.093	0
353	20190221-6-10x.jpg	0.182	0
354	20190221-6-10x.jpg	0.002	0
355	20190221-6-10x.jpg	0.005	0
356	20190221-6-10x.jpg	0.029	0
357	20190221-6-10x.jpg	0.002	0
358	20190221-6-10x.jpg	0.002	0
359	20190221-6-10x.jpg	0.036	0
360	20190221-6-10x.jpg	0.010	0
361	20190221-6-10x.jpg	0.173	0
362	20190221-6-10x.jpg	0.002	0
363	20190221-6-10x.jpg	0.002	0
364	20190221-6-10x.jpg	0.369	0
365	20190221-6-10x.jpg	0.024	0
366	20190221-6-10x.jpg	0.031	0
367	20190221-6-10x.jpg	0.002	0
368	20190221-6-10x.jpg	0.254	0
369	20190221-6-10x.jpg	0.113	0
370	20190221-6-10x.jpg	0.012	0
371	20190221-6-10x.jpg	5.956	0
372	20190221-6-10x.jpg	0.002	0
373	20190221-6-10x.jpg	0.086	0
374	20190221-6-10x.jpg	0.031	0
375	20190221-6-10x.jpg	0.002	0
376	20190221-6-10x.jpg	0.034	0
377	20190221-6-10x.jpg	0.002	0
378	20190221-6-10x.jpg	0.010	0
379	20190221-6-10x.jpg	0.005	0
380	20190221-6-10x.jpg	0.002	0
381	20190221-6-10x.jpg	0.002	0
382	20190221-6-10x.jpg	0.017	0
383	20190221-6-10x.jpg	0.002	0
384	20190221-6-10x.jpg	2.552	0
385	20190221-6-10x.jpg	0.002	0
386	20190221-6-10x.jpg	0.005	0
387	20190221-6-10x.jpg	0.024	0
388	20190221-6-10x.jpg	0.079	0
389	20190221-6-10x.jpg	0.007	0
390	20190221-6-10x.jpg	10.698	0
391	20190221-6-10x.jpg	0.005	0
392	20190221-6-10x.jpg	0.005	0
393	20190221-6-10x.jpg	0.005	0
394	20190221-6-10x.jpg	0.002	0
395	20190221-6-10x.jpg	0.002	0
396	20190221-6-10x.jpg	0.122	0
397	20190221-6-10x.jpg	0.086	0
398	20190221-6-10x.jpg	0.007	0
399	20190221-6-10x.jpg	0.022	0
400	20190221-6-10x.jpg	0.005	0
401	20190221-6-10x.jpg	1.299	0
402	20190221-6-10x.jpg	0.007	0
403	20190221-6-10x.jpg	0.007	0
404	20190221-6-10x.jpg	0.048	0
405	20190221-6-10x.jpg	0.017	0
406	20190221-6-10x.jpg	0.002	0
407	20190221-6-10x.jpg	0.007	0
408	20190221-6-10x.jpg	0.002	0
409	20190221-6-10x.jpg	0.149	0
410	20190221-6-10x.jpg	21.937	0
411	20190221-6-10x.jpg	0.029	0
412	20190221-6-10x.jpg	0.132	0
413	20190221-6-10x.jpg	8.108	0
414	20190221-6-10x.jpg	0.007	0
415	20190221-6-10x.jpg	8.225	0
416	20190221-6-10x.jpg	0.002	0
417	20190221-6-10x.jpg	0.050	0
418	20190221-6-10x.jpg	0.012	0
419	20190221-6-10x.jpg	0.383	0
420	20190221-6-10x.jpg	0.103	0
421	20190221-6-10x.jpg	0.077	0
422	20190221-6-10x.jpg	0.007	0
423	20190221-6-10x.jpg	0.115	0
424	20190221-6-10x.jpg	0.062	0
425	20190221-6-10x.jpg	0.031	0
426	20190221-6-10x.jpg	0.144	0
427	20190221-6-10x.jpg	0.005	0
428	20190221-6-10x.jpg	0.002	0
429	20190221-6-10x.jpg	0.005	0
430	20190221-6-10x.jpg	12.051	0
431	20190221-6-10x.jpg	16.062	0
432	20190221-6-10x.jpg	0.288	0
433	20190221-6-10x.jpg	2.393	0
434	20190221-6-10x.jpg	6.018	0
435	20190221-6-10x.jpg	0.223	0
436	20190221-6-10x.jpg	0.062	0
437	20190221-6-10x.jpg	7.420	0
438	20190221-6-10x.jpg	0.285	0
439	20190221-6-10x.jpg	0.010	0
440	20190221-6-10x.jpg	0.029	0
441	20190221-6-10x.jpg	0.002	0
442	20190221-6-10x.jpg	0.125	0
443	20190221-6-10x.jpg	0.017	0
444	20190221-6-10x.jpg	14.224	0
445	20190221-6-10x.jpg	0.002	0
446	20190221-6-10x.jpg	0.053	0
447	20190221-6-10x.jpg	0.146	0
448	20190221-6-10x.jpg	1.054	0
449	20190221-6-10x.jpg	0.002	0
450	20190221-6-10x.jpg	0.014	0
451	20190221-6-10x.jpg	20.300	0
452	20190221-6-10x.jpg	0.014	0
453	20190221-6-10x.jpg	0.110	0
454	20190221-6-10x.jpg	4.974	0
455	20190221-6-10x.jpg	0.002	0
456	20190221-6-10x.jpg	0.230	0
457	20190221-6-10x.jpg	0.206	0
458	20190221-6-10x.jpg	2.899	0
459	20190221-6-10x.jpg	0.424	0
460	20190221-6-10x.jpg	0.010	0
461	20190221-6-10x.jpg	0.005	0
462	20190221-6-10x.jpg	0.029	0
463	20190221-6-10x.jpg	0.192	0
464	20190221-6-10x.jpg	0.007	0
465	20190221-6-10x.jpg	0.127	0
466	20190221-6-10x.jpg	0.036	0
467	20190221-6-10x.jpg	0.019	0
468	20190221-6-10x.jpg	7.070	0
469	20190221-6-10x.jpg	0.307	0
470	20190221-6-10x.jpg	0.189	0
471	20190221-6-10x.jpg	0.002	0
472	20190221-6-10x.jpg	0.529	0
473	20190221-6-10x.jpg	0.007	0
474	20190221-6-10x.jpg	0.462	0
475	20190221-6-10x.jpg	0.005	0
476	20190221-6-10x.jpg	0.853	0
477	20190221-6-10x.jpg	12.744	0
478	20190221-6-10x.jpg	0.005	0
479	20190221-6-10x.jpg	6.965	0
480	20190221-6-10x.jpg	0.002	0
481	20190221-6-10x.jpg	7.298	0
482	20190221-6-10x.jpg	12.986	0
483	20190221-6-10x.jpg	0.036	0
484	20190221-6-10x.jpg	16.539	0
485	20190221-6-10x.jpg	12.140	0
486	20190221-6-10x.jpg	0.146	0
487	20190221-6-10x.jpg	0.024	0
488	20190221-6-10x.jpg	0.043	0
489	20190221-6-10x.jpg	17.253	0
490	20190221-6-10x.jpg	0.002	0
491	20190221-6-10x.jpg	0.002	0
492	20190221-6-10x.jpg	1.495	0
493	20190221-6-10x.jpg	0.017	0
494	20190221-6-10x.jpg	0.855	0
495	20190221-6-10x.jpg	1.713	0
496	20190221-6-10x.jpg	0.043	0
497	20190221-6-10x.jpg	0.002	0
498	20190221-6-10x.jpg	0.007	0
499	20190221-6-10x.jpg	0.002	0
500	20190221-6-10x.jpg	0.012	0
501	20190221-6-10x.jpg	13.271	0
502	20190221-6-10x.jpg	0.002	0
503	20190221-6-10x.jpg	0.345	0
504	20190221-6-10x.jpg	0.002	0
505	20190221-6-10x.jpg	0.041	0
506	20190221-6-10x.jpg	0.002	0
507	20190221-6-10x.jpg	0.010	0
508	20190221-6-10x.jpg	6.629	0
509	20190221-6-10x.jpg	0.350	0
510	20190221-6-10x.jpg	0.659	0
511	20190221-6-10x.jpg	3.040	0
512	20190221-6-10x.jpg	0.503	0
513	20190221-6-10x.jpg	5.657	0
514	20190221-6-10x.jpg	0.285	0
515	20190221-6-10x.jpg	0.002	0
516	20190221-6-10x.jpg	0.002	0
517	20190221-6-10x.jpg	0.034	0
518	20190221-6-10x.jpg	0.007	0
519	20190221-6-10x.jpg	0.173	0
520	20190221-6-10x.jpg	0.055	0
521	20190221-6-10x.jpg	0.034	0
522	20190221-6-10x.jpg	0.002	0
523	20190221-6-10x.jpg	1.955	0
524	20190221-6-10x.jpg	0.005	0
525	20190221-6-10x.jpg	0.105	0
526	20190221-6-10x.jpg	0.307	0
527	20190221-6-10x.jpg	0.046	0
528	20190221-6-10x.jpg	0.007	0
529	20190221-6-10x.jpg	12.420	0
530	20190221-6-10x.jpg	0.002	0
531	20190221-6-10x.jpg	0.012	0
532	20190221-6-10x.jpg	0.038	0
533	20190221-6-10x.jpg	0.204	0
534	20190221-6-10x.jpg	0.022	0
535	20190221-6-10x.jpg	0.062	0
536	20190221-6-10x.jpg	0.007	0
537	20190221-6-10x.jpg	0.587	0
538	20190221-6-10x.jpg	0.007	0
539	20190221-6-10x.jpg	0.036	0
540	20190221-6-10x.jpg	0.007	0
541	20190221-6-10x.jpg	1.787	0
542	20190221-6-10x.jpg	0.079	0
543	20190221-6-10x.jpg	18.350	0
544	20190221-6-10x.jpg	0.077	0
545	20190221-6-10x.jpg	0.002	0
546	20190221-6-10x.jpg	0.467	0
547	20190221-6-10x.jpg	0.515	0
548	20190221-6-10x.jpg	0.014	0
549	20190221-6-10x.jpg	0.299	0
550	20190221-6-10x.jpg	0.034	0
551	20190221-6-10x.jpg	0.146	0
552	20190221-6-10x.jpg	0.220	0
553	20190221-6-10x.jpg	0.005	0
554	20190221-6-10x.jpg	0.060	0
555	20190221-6-10x.jpg	2.480	0
556	20190221-6-10x.jpg	0.005	0
557	20190221-6-10x.jpg	0.084	0
558	20190221-6-10x.jpg	0.022	0
559	20190221-6-10x.jpg	0.014	0
560	20190221-6-10x.jpg	0.002	0
561	20190221-6-10x.jpg	0.002	0
562	20190221-6-10x.jpg	0.026	0
563	20190221-6-10x.jpg	12.612	0
564	20190221-6-10x.jpg	0.486	0
565	20190221-6-10x.jpg	13.750	0
566	20190221-6-10x.jpg	0.218	0
567	20190221-6-10x.jpg	0.026	0
568	20190221-6-10x.jpg	7.224	0
569	20190221-6-10x.jpg	0.022	0
570	20190221-6-10x.jpg	0.034	0
571	20190221-6-10x.jpg	0.002	0
572	20190221-6-10x.jpg	0.005	0
573	20190221-6-10x.jpg	10.808	0
574	20190221-6-10x.jpg	0.007	0
575	20190221-6-10x.jpg	0.026	0
576	20190221-6-10x.jpg	2.235	0
577	20190221-6-10x.jpg	0.007	0
578	20190221-6-10x.jpg	0.002	0
579	20190221-6-10x.jpg	0.101	0
580	20190221-6-10x.jpg	14.557	0
581	20190221-6-10x.jpg	0.002	0
582	20190221-6-10x.jpg	1.795	0
583	20190221-6-10x.jpg	0.017	0
584	20190221-6-10x.jpg	0.002	0
585	20190221-6-10x.jpg	7.180	0
586	20190221-6-10x.jpg	0.005	0
587	20190221-6-10x.jpg	0.010	0
588	20190221-6-10x.jpg	0.048	0
589	20190221-6-10x.jpg	0.019	0
590	20190221-6-10x.jpg	0.577	0
591	20190221-6-10x.jpg	0.108	0
592	20190221-6-10x.jpg	0.019	0
593	20190221-6-10x.jpg	0.019	0
594	20190221-6-10x.jpg	0.026	0
595	20190221-6-10x.jpg	15.470	0
596	20190221-6-10x.jpg	0.005	0
597	20190221-6-10x.jpg	0.340	0
598	20190221-6-10x.jpg	0.043	0
599	20190221-6-10x.jpg	0.005	0
600	20190221-6-10x.jpg	15.334	0
601	20190221-6-10x.jpg	0.007	0
602	20190221-6-10x.jpg	0.002	0
603	20190221-6-10x.jpg	11.100	0
604	20190221-6-10x.jpg	18.391	0
605	20190221-6-10x.jpg	0.012	0
606	20190221-6-10x.jpg	0.002	0
607	20190221-6-10x.jpg	0.007	0
608	20190221-6-10x.jpg	0.002	0
609	20190221-6-10x.jpg	0.017	0
610	20190221-6-10x.jpg	0.002	0
611	20190221-6-10x.jpg	0.050	0
612	20190221-6-10x.jpg	0.002	0
613	20190221-6-10x.jpg	0.002	0
614	20190221-6-10x.jpg	0.831	0
615	20190221-6-10x.jpg	0.002	0
616	20190221-6-10x.jpg	5.659	0
617	20190221-6-10x.jpg	0.005	0
618	20190221-6-10x.jpg	0.005	0
619	20190221-6-10x.jpg	0.098	0
620	20190221-6-10x.jpg	0.002	0
621	20190221-6-10x.jpg	20.204	0
622	20190221-6-10x.jpg	0.005	0
623	20190221-6-10x.jpg	0.311	0
624	20190221-6-10x.jpg	0.340	0
625	20190221-6-10x.jpg	0.012	0
626	20190221-6-10x.jpg	0.029	0
627	20190221-6-10x.jpg	0.002	0
628	20190221-6-10x.jpg	0.002	0
629	20190221-6-10x.jpg	0.010	0
630	20190221-6-10x.jpg	0.007	0
631	20190221-6-10x.jpg	0.115	0
632	20190221-6-10x.jpg	0.769	0
633	20190221-6-10x.jpg	0.005	0
634	20190221-6-10x.jpg	0.144	0
635	20190221-6-10x.jpg	0.055	0
636	20190221-6-10x.jpg	0.005	0
637	20190221-6-10x.jpg	0.005	0
638	20190221-6-10x.jpg	0.103	0
639	20190221-6-10x.jpg	0.014	0
640	20190221-6-10x.jpg	0.034	0
641	20190221-6-10x.jpg	0.129	0
642	20190221-6-10x.jpg	11.898	0
643	20190221-6-10x.jpg	10.142	0
644	20190221-6-10x.jpg	12.504	0
645	20190221-6-10x.jpg	0.055	0
646	20190221-6-10x.jpg	0.022	0
647	20190221-6-10x.jpg	0.005	0
648	20190221-6-10x.jpg	18.992	0
649	20190221-6-10x.jpg	5.177	0
650	20190221-6-10x.jpg	0.014	0
651	20190221-6-10x.jpg	0.024	0
652	20190221-6-10x.jpg	0.010	0
653	20190221-6-10x.jpg	0.002	0
654	20190221-6-10x.jpg	0.036	0
655	20190221-6-10x.jpg	0.014	0
656	20190221-6-10x.jpg	0.007	0
657	20190221-6-10x.jpg	0.012	0
658	20190221-6-10x.jpg	7.477	0
659	20190221-6-10x.jpg	0.002	0
660	20190221-6-10x.jpg	0.007	0
661	20190221-6-10x.jpg	0.232	0
662	20190221-6-10x.jpg	0.220	0
663	20190221-6-10x.jpg	0.002	0
664	20190221-6-10x.jpg	0.139	0
665	20190221-6-10x.jpg	0.010	0
666	20190221-6-10x.jpg	0.005	0
667	20190221-6-10x.jpg	0.002	0
668	20190221-6-10x.jpg	0.065	0
669	20190221-6-10x.jpg	0.002	0
670	20190221-6-10x.jpg	0.465	0
671	20190221-6-10x.jpg	0.022	0
672	20190221-6-10x.jpg	1.632	0
673	20190221-6-10x.jpg	2.216	0
674	20190221-6-10x.jpg	9.533	0
675	20190221-6-10x.jpg	11.007	0
676	20190221-6-10x.jpg	1.490	0
677	20190221-6-10x.jpg	0.002	0
678	20190221-6-10x.jpg	6.819	0
679	20190221-6-10x.jpg	0.002	0
680	20190221-6-10x.jpg	0.007	0
681	20190221-6-10x.jpg	0.261	0
682	20190221-6-10x.jpg	0.005	0
683	20190221-6-10x.jpg	1.898	0
684	20190221-6-10x.jpg	3.795	0
685	20190221-6-10x.jpg	2.786	0
686	20190221-6-10x.jpg	0.544	0
687	20190221-6-10x.jpg	0.019	0
688	20190221-6-10x.jpg	0.412	0
689	20190221-6-10x.jpg	0.007	0
690	20190221-6-10x.jpg	13.517	0
691	20190221-6-10x.jpg	0.235	0
692	20190221-6-10x.jpg	0.055	0
693	20190221-6-10x.jpg	0.046	0
694	20190221-6-10x.jpg	0.002	0
695	20190221-6-10x.jpg	0.232	0
696	20190221-6-10x.jpg	12.854	0
697	20190221-6-10x.jpg	0.340	0
698	20190221-6-10x.jpg	0.002	0
699	20190221-6-10x.jpg	12.633	0
700	20190221-6-10x.jpg	0.024	0
701	20190221-6-10x.jpg	0.002	0
702	20190221-6-10x.jpg	0.026	0
703	20190221-6-10x.jpg	0.010	0
704	20190221-6-10x.jpg	0.347	0
705	20190221-6-10x.jpg	12.837	0
706	20190221-6-10x.jpg	0.412	0
707	20190221-6-10x.jpg	0.002	0
708	20190221-6-10x.jpg	0.022	0
709	20190221-6-10x.jpg	0.014	0
710	20190221-6-10x.jpg	0.012	0
711	20190221-6-10x.jpg	0.043	0
712	20190221-6-10x.jpg	0.113	0
713	20190221-6-10x.jpg	1.876	0
714	20190221-6-10x.jpg	0.019	0
715	20190221-6-10x.jpg	17.035	0
716	20190221-6-10x.jpg	0.247	0
717	20190221-6-10x.jpg	0.034	0
718	20190221-6-10x.jpg	0.007	0
719	20190221-6-10x.jpg	0.081	0
720	20190221-6-10x.jpg	12.252	0
721	20190221-6-10x.jpg	15.451	0
722	20190221-6-10x.jpg	0.007	0
723	20190221-6-10x.jpg	0.002	0
724	20190221-6-10x.jpg	11.479	0
725	20190221-6-10x.jpg	0.005	0
726	20190221-6-10x.jpg	0.022	0
727	20190221-6-10x.jpg	0.050	0
728	20190221-6-10x.jpg	0.331	0
729	20190221-6-10x.jpg	0.002	0
730	20190221-6-10x.jpg	0.096	0
731	20190221-6-10x.jpg	0.069	0
732	20190221-6-10x.jpg	0.137	0
733	20190221-6-10x.jpg	0.285	0
734	20190221-6-10x.jpg	0.041	0
735	20190221-6-10x.jpg	24.912	0
736	20190221-6-10x.jpg	0.002	0
737	20190221-6-10x.jpg	0.541	0
738	20190221-6-10x.jpg	0.043	0
739	20190221-6-10x.jpg	0.022	0
740	20190221-6-10x.jpg	0.101	0
741	20190221-6-10x.jpg	0.002	0
742	20190221-6-10x.jpg	0.007	0
743	20190221-6-10x.jpg	1.926	0
744	20190221-6-10x.jpg	9.143	0
745	20190221-6-10x.jpg	0.002	0
746	20190221-6-10x.jpg	0.002	0
747	20190221-6-10x.jpg	0.771	0
748	20190221-6-10x.jpg	0.005	0
749	20190221-6-10x.jpg	33.025	0
750	20190221-6-10x.jpg	9.047	0
751	20190221-6-10x.jpg	0.002	0
752	20190221-6-10x.jpg	0.002	0
753	20190221-6-10x.jpg	0.216	0
754	20190221-6-10x.jpg	0.206	0
755	20190221-6-10x.jpg	0.129	0
756	20190221-6-10x.jpg	0.053	0
757	20190221-6-10x.jpg	0.115	0
758	20190221-6-10x.jpg	0.002	0
759	20190221-6-10x.jpg	0.002	0
760	20190221-6-10x.jpg	0.285	0
761	20190221-6-10x.jpg	0.002	0
762	20190221-6-10x.jpg	10.573	0
763	20190221-6-10x.jpg	0.034	0
764	20190221-6-10x.jpg	0.005	0
765	20190221-6-10x.jpg	15.053	0
766	20190221-6-10x.jpg	0.031	0
767	20190221-6-10x.jpg	0.002	0
768	20190221-6-10x.jpg	0.213	0
769	20190221-6-10x.jpg	0.005	0
770	20190221-6-10x.jpg	0.002	0
771	20190221-6-10x.jpg	0.022	0
772	20190221-6-10x.jpg	0.012	0
773	20190221-6-10x.jpg	0.012	0
774	20190221-6-10x.jpg	0.014	0
775	20190221-6-10x.jpg	0.278	0
776	20190221-6-10x.jpg	0.002	0
777	20190221-6-10x.jpg	0.002	0
778	20190221-6-10x.jpg	0.002	0
779	20190221-6-10x.jpg	0.173	0
780	20190221-6-10x.jpg	0.058	0
781	20190221-6-10x.jpg	0.024	0
782	20190221-6-10x.jpg	12.583	0
783	20190221-6-10x.jpg	13.017	0
784	20190221-6-10x.jpg	0.005	0
785	20190221-6-10x.jpg	0.316	0
786	20190221-6-10x.jpg	8.381	0
787	20190221-6-10x.jpg	0.048	0
788	20190221-6-10x.jpg	0.098	0
789	20190221-6-10x.jpg	0.098	0
790	20190221-6-10x.jpg	0.477	0
791	20190221-6-10x.jpg	0.072	0
792	20190221-6-10x.jpg	0.345	0
793	20190221-6-10x.jpg	17.557	0
794	20190221-6-10x.jpg	0.053	0
795	20190221-6-10x.jpg	0.633	0
796	20190221-6-10x.jpg	0.024	0
797	20190221-6-10x.jpg	0.007	0
798	20190221-6-10x.jpg	0.007	0
799	20190221-6-10x.jpg	0.002	0
800	20190221-6-10x.jpg	0.002	0
801	20190221-6-10x.jpg	0.007	0
802	20190221-6-10x.jpg	0.034	0
803	20190221-6-10x.jpg	0.005	0
804	20190221-6-10x.jpg	0.005	0
805	20190221-6-10x.jpg	0.002	0
806	20190221-6-10x.jpg	0.139	0
807	20190221-6-10x.jpg	0.005	0
808	20190221-6-10x.jpg	13.659	0
809	20190221-6-10x.jpg	0.048	0
810	20190221-6-10x.jpg	0.031	0
811	20190221-6-10x.jpg	0.002	0
812	20190221-6-10x.jpg	0.005	0
813	20190221-6-10x.jpg	0.055	0
814	20190221-6-10x.jpg	16.378	0
815	20190221-6-10x.jpg	0.002	0
816	20190221-6-10x.jpg	0.014	0
817	20190221-6-10x.jpg	8.472	0
818	20190221-6-10x.jpg	0.002	0
819	20190221-6-10x.jpg	11.182	0
820	20190221-6-10x.jpg	0.002	0
821	20190221-6-10x.jpg	0.036	0
822	20190221-6-10x.jpg	2.583	0
823	20190221-6-10x.jpg	0.002	0
824	20190221-6-10x.jpg	0.002	0
825	20190221-6-10x.jpg	0.002	0
826	20190221-6-10x.jpg	0.127	0
827	20190221-6-10x.jpg	11.768	0
828	20190221-6-10x.jpg	0.017	0
829	20190221-6-10x.jpg	11.562	0
830	20190221-6-10x.jpg	0.089	0
831	20190221-6-10x.jpg	0.002	0
832	20190221-6-10x.jpg	0.002	0
833	20190221-6-10x.jpg	36.012	0
834	20190221-6-10x.jpg	0.010	0
835	20190221-6-10x.jpg	0.002	0
836	20190221-6-10x.jpg	0.091	0
837	20190221-6-10x.jpg	0.067	0
838	20190221-6-10x.jpg	0.002	0
839	20190221-6-10x.jpg	0.371	0
840	20190221-6-10x.jpg	0.002	0
841	20190221-6-10x.jpg	0.005	0
842	20190221-6-10x.jpg	0.002	0
843	20190221-6-10x.jpg	14.497	0
844	20190221-6-10x.jpg	0.034	0
845	20190221-6-10x.jpg	0.448	0
846	20190221-6-10x.jpg	0.002	0
847	20190221-6-10x.jpg	0.014	0
848	20190221-6-10x.jpg	0.362	0
849	20190221-6-10x.jpg	0.002	0
850	20190221-6-10x.jpg	0.005	0
851	20190221-6-10x.jpg	0.103	0
852	20190221-6-10x.jpg	0.026	0
853	20190221-6-10x.jpg	12.408	0
854	20190221-6-10x.jpg	0.017	0
855	20190221-6-10x.jpg	0.017	0
856	20190221-6-10x.jpg	0.005	0
857	20190221-6-10x.jpg	0.640	0
858	20190221-6-10x.jpg	12.653	0
859	20190221-6-10x.jpg	0.022	0
860	20190221-6-10x.jpg	0.216	0
861	20190221-6-10x.jpg	0.010	0
862	20190221-6-10x.jpg	0.002	0
863	20190221-6-10x.jpg	0.031	0
864	20190221-6-10x.jpg	0.053	0
865	20190221-6-10x.jpg	0.381	0
866	20190221-6-10x.jpg	0.419	0
867	20190221-6-10x.jpg	0.010	0
868	20190221-6-10x.jpg	0.005	0
869	20190221-6-10x.jpg	14.857	0
870	20190221-6-10x.jpg	0.098	0
871	20190221-6-10x.jpg	0.419	0
872	20190221-6-10x.jpg	4.847	0
873	20190221-6-10x.jpg	0.007	0
874	20190221-6-10x.jpg	0.002	0
875	20190221-6-10x.jpg	0.002	0
876	20190221-6-10x.jpg	0.022	0
877	20190221-6-10x.jpg	0.031	0
878	20190221-6-10x.jpg	0.678	0
879	20190221-6-10x.jpg	0.115	0
880	20190221-6-10x.jpg	0.139	0
881	20190221-6-10x.jpg	0.043	0
882	20190221-6-10x.jpg	0.005	0
883	20190221-6-10x.jpg	0.002	0
884	20190221-6-10x.jpg	0.007	0
885	20190221-6-10x.jpg	0.014	0
886	20190221-6-10x.jpg	5.201	0
887	20190221-6-10x.jpg	0.347	0
888	20190221-6-10x.jpg	0.103	0
889	20190221-6-10x.jpg	14.509	0
890	20190221-6-10x.jpg	0.002	0
891	20190221-6-10x.jpg	0.002	0
892	20190221-6-10x.jpg	0.005	0
893	20190221-6-10x.jpg	0.060	0
894	20190221-6-10x.jpg	23.618	0
895	20190221-6-10x.jpg	0.055	0
896	20190221-6-10x.jpg	2.540	0
897	20190221-6-10x.jpg	0.074	0
898	20190221-6-10x.jpg	0.113	0
899	20190221-6-10x.jpg	0.002	0
900	20190221-6-10x.jpg	0.002	0
901	20190221-6-10x.jpg	4.183	0
902	20190221-6-10x.jpg	9.641	0
903	20190221-6-10x.jpg	11.467	0
904	20190221-6-10x.jpg	0.043	0
905	20190221-6-10x.jpg	0.034	0
906	20190221-6-10x.jpg	0.005	0
907	20190221-6-10x.jpg	0.007	0
908	20190221-6-10x.jpg	0.005	0
909	20190221-6-10x.jpg	0.005	0
910	20190221-6-10x.jpg	0.007	0
911	20190221-6-10x.jpg	0.036	0
912	20190221-6-10x.jpg	0.031	0
913	20190221-6-10x.jpg	0.002	0
914	20190221-6-10x.jpg	0.007	0
915	20190221-6-10x.jpg	0.012	0
916	20190221-6-10x.jpg	0.024	0
917	20190221-6-10x.jpg	1.001	0
918	20190221-6-10x.jpg	0.002	0
919	20190221-6-10x.jpg	16.345	0
920	20190221-6-10x.jpg	0.748	0
921	20190221-6-10x.jpg	0.661	0
922	20190221-6-10x.jpg	0.256	0
923	20190221-6-10x.jpg	0.005	0
924	20190221-6-10x.jpg	0.005	0
925	20190221-6-10x.jpg	0.053	0
926	20190221-6-10x.jpg	0.005	0
927	20190221-6-10x.jpg	3.249	0
928	20190221-6-10x.jpg	0.065	0
929	20190221-6-10x.jpg	13.774	0
930	20190221-6-10x.jpg	0.175	0
931	20190221-6-10x.jpg	0.101	0
932	20190221-6-10x.jpg	8.711	0
933	20190221-6-10x.jpg	0.010	0
934	20190221-6-10x.jpg	1.936	0
935	20190221-6-10x.jpg	0.017	0
936	20190221-6-10x.jpg	0.252	0
937	20190221-6-10x.jpg	13.252	0
938	20190221-6-10x.jpg	0.568	0
939	20190221-6-10x.jpg	1.440	0
940	20190221-6-10x.jpg	0.206	0
941	20190221-6-10x.jpg	8.117	0
942	20190221-6-10x.jpg	0.002	0
943	20190221-6-10x.jpg	4.880	0
944	20190221-6-10x.jpg	0.299	0
945	20190221-6-10x.jpg	0.019	0
946	20190221-6-10x.jpg	17.104	0
947	20190221-6-10x.jpg	0.007	0
948	20190221-6-10x.jpg	0.937	0
949	20190221-6-10x.jpg	0.002	0
950	20190221-6-10x.jpg	0.017	0
951	20190221-6-10x.jpg	0.002	0
952	20190221-6-10x.jpg	0.002	0
953	20190221-6-10x.jpg	0.002	0
954	20190221-6-10x.jpg	1.191	0
955	20190221-6-10x.jpg	0.046	0
956	20190221-6-10x.jpg	0.007	0
957	20190221-6-10x.jpg	12.437	0
958	20190221-6-10x.jpg	0.031	0
959	20190221-6-10x.jpg	0.031	0
960	20190221-6-10x.jpg	8.043	0
961	20190221-6-10x.jpg	0.060	0
962	20190221-6-10x.jpg	0.062	0
963	20190221-6-10x.jpg	0.002	0
964	20190221-6-10x.jpg	9.715	0
965	20190221-6-10x.jpg	0.029	0
966	20190221-6-10x.jpg	0.010	0
967	20190221-6-10x.jpg	0.002	0
968	20190221-6-10x.jpg	0.062	0
969	20190221-6-10x.jpg	0.115	0
970	20190221-6-10x.jpg	0.026	0
971	20190221-6-10x.jpg	12.753	0
972	20190221-6-10x.jpg	0.024	0
973	20190221-6-10x.jpg	0.002	0
974	20190221-6-10x.jpg	0.005	0
975	20190221-6-10x.jpg	0.067	0
976	20190221-6-10x.jpg	0.014	0
977	20190221-6-10x.jpg	0.005	0
978	20190221-6-10x.jpg	0.024	0
979	20190221-6-10x.jpg	0.249	0
980	20190221-6-10x.jpg	15.039	0
981	20190221-6-10x.jpg	15.559	0
982	20190221-6-10x.jpg	0.122	0
983	20190221-6-10x.jpg	0.058	0
984	20190221-6-10x.jpg	0.074	0
985	20190221-6-10x.jpg	0.005	0
986	20190221-6-10x.jpg	0.110	0
987	20190221-6-10x.jpg	0.002	0
988	20190221-6-10x.jpg	0.609	0
989	20190221-6-10x.jpg	0.103	0
990	20190221-6-10x.jpg	0.010	0
991	20190221-6-10x.jpg	0.005	0
992	20190221-6-10x.jpg	0.005	0
993	20190221-6-10x.jpg	0.002	0
994	20190221-6-10x.jpg	0.002	0
995	20190221-6-10x.jpg	0.005	0
996	20190221-6-10x.jpg	0.014	0
997	20190221-6-10x.jpg	0.824	0
998	20190221-6-10x.jpg	2.281	0
999	20190221-6-10x.jpg	15.887	0
1000	20190221-6-10x.jpg	0.002	0
1001	20190221-6-10x.jpg	0.007	0
1002	20190221-6-10x.jpg	0.007	0
1003	20190221-6-10x.jpg	0.002	0
1004	20190221-6-10x.jpg	0.002	0
1005	20190221-6-10x.jpg	8.934	0
1006	20190221-6-10x.jpg	0.005	0
1007	20190221-6-10x.jpg	0.002	0
1008	20190221-6-10x.jpg	0.062	0
1009	20190221-6-10x.jpg	0.002	0
1010	20190221-6-10x.jpg	0.357	0
1011	20190221-6-10x.jpg	0.002	0
1012	20190221-6-10x.jpg	0.060	0
1013	20190221-6-10x.jpg	0.098	0
1014	20190221-6-10x.jpg	0.005	0
1015	20190221-6-10x.jpg	22.538	0
1016	20190221-6-10x.jpg	0.002	0
1017	20190221-6-10x.jpg	0.002	0
1018	20190221-6-10x.jpg	13.477	0
1019	20190221-6-10x.jpg	0.024	0
1020	20190221-6-10x.jpg	18.082	0
1021	20190221-6-10x.jpg	0.002	0
1022	20190221-6-10x.jpg	0.132	0
1023	20190221-6-10x.jpg	13.922	0
1024	20190221-6-10x.jpg	0.077	0
1025	20190221-6-10x.jpg	1.263	0
1026	20190221-6-10x.jpg	0.084	0
1027	20190221-6-10x.jpg	0.175	0
1028	20190221-6-10x.jpg	6.902	0
1029	20190221-6-10x.jpg	0.038	0
1030	20190221-6-10x.jpg	5.911	0
1031	20190221-6-10x.jpg	0.007	0
1032	20190221-6-10x.jpg	12.228	0
1033	20190221-6-10x.jpg	12.219	0
1034	20190221-6-10x.jpg	10.096	0
1035	20190221-6-10x.jpg	0.048	0
1036	20190221-6-10x.jpg	0.002	0
1037	20190221-6-10x.jpg	0.309	0
1038	20190221-6-10x.jpg	1.339	0
1039	20190221-6-10x.jpg	0.024	0
1040	20190221-6-10x.jpg	3.536	0
1041	20190221-6-10x.jpg	5.836	0
1042	20190221-6-10x.jpg	0.005	0
1043	20190221-6-10x.jpg	0.002	0
1044	20190221-6-10x.jpg	14.311	0
1045	20190221-6-10x.jpg	0.002	0
1046	20190221-6-10x.jpg	0.002	0
1047	20190221-6-10x.jpg	10.767	0
1048	20190221-6-10x.jpg	0.316	0
1049	20190221-6-10x.jpg	9.226	0
1050	20190221-6-10x.jpg	2.324	0
1051	20190221-6-10x.jpg	6.661	0
1052	20190221-6-10x.jpg	0.034	0
1053	20190221-6-10x.jpg	2.774	0
1054	20190221-6-10x.jpg	0.002	0
1055	20190221-6-10x.jpg	0.084	0
1056	20190221-6-10x.jpg	0.010	0
1057	20190221-6-10x.jpg	0.012	0
1058	20190221-6-10x.jpg	0.050	0
1059	20190221-6-10x.jpg	0.002	0
1060	20190221-6-10x.jpg	0.010	0
1061	20190221-6-10x.jpg	0.017	0
1062	20190221-6-10x.jpg	0.007	0
1063	20190221-6-10x.jpg	2.865	0
1064	20190221-6-10x.jpg	0.122	0
1065	20190221-6-10x.jpg	0.002	0
1066	20190221-6-10x.jpg	2.621	0
1067	20190221-6-10x.jpg	0.827	0
1068	20190221-6-10x.jpg	0.779	0
1069	20190221-6-10x.jpg	2.087	0
1070	20190221-6-10x.jpg	0.089	0
1071	20190221-6-10x.jpg	12695.705	0
