 	Label	Area	%Area
1	20190221-057-10x.jpg	8359.844	0
2	20190221-057-10x.jpg	24009.190	0
3	20190221-057-10x.jpg	1310.140	0
4	20190221-057-10x.jpg	0.450	0
5	20190221-057-10x.jpg	0.005	0
6	20190221-057-10x.jpg	0.450	0
7	20190221-057-10x.jpg	0.014	0
8	20190221-057-10x.jpg	0.005	0
9	20190221-057-10x.jpg	0.673	0
10	20190221-057-10x.jpg	1.052	0
11	20190221-057-10x.jpg	0.117	0
12	20190221-057-10x.jpg	0.002	0
13	20190221-057-10x.jpg	0.002	0
14	20190221-057-10x.jpg	0.002	0
15	20190221-057-10x.jpg	0.005	0
16	20190221-057-10x.jpg	0.091	0
17	20190221-057-10x.jpg	0.149	0
18	20190221-057-10x.jpg	0.024	0
19	20190221-057-10x.jpg	0.055	0
20	20190221-057-10x.jpg	0.014	0
21	20190221-057-10x.jpg	0.146	0
22	20190221-057-10x.jpg	0.752	0
23	20190221-057-10x.jpg	0.002	0
24	20190221-057-10x.jpg	7.188	0
25	20190221-057-10x.jpg	0.002	0
26	20190221-057-10x.jpg	0.002	0
27	20190221-057-10x.jpg	0.017	0
28	20190221-057-10x.jpg	0.010	0
29	20190221-057-10x.jpg	0.024	0
30	20190221-057-10x.jpg	0.002	0
31	20190221-057-10x.jpg	0.010	0
32	20190221-057-10x.jpg	0.038	0
33	20190221-057-10x.jpg	0.017	0
34	20190221-057-10x.jpg	0.101	0
35	20190221-057-10x.jpg	0.002	0
36	20190221-057-10x.jpg	0.153	0
37	20190221-057-10x.jpg	0.005	0
38	20190221-057-10x.jpg	0.002	0
39	20190221-057-10x.jpg	0.014	0
40	20190221-057-10x.jpg	0.002	0
41	20190221-057-10x.jpg	2.180	0
42	20190221-057-10x.jpg	0.117	0
43	20190221-057-10x.jpg	0.005	0
44	20190221-057-10x.jpg	0.208	0
45	20190221-057-10x.jpg	16.067	0
46	20190221-057-10x.jpg	0.002	0
47	20190221-057-10x.jpg	0.434	0
48	20190221-057-10x.jpg	0.002	0
49	20190221-057-10x.jpg	0.010	0
50	20190221-057-10x.jpg	0.002	0
51	20190221-057-10x.jpg	0.007	0
52	20190221-057-10x.jpg	0.005	0
53	20190221-057-10x.jpg	0.002	0
54	20190221-057-10x.jpg	0.005	0
55	20190221-057-10x.jpg	0.002	0
56	20190221-057-10x.jpg	0.043	0
57	20190221-057-10x.jpg	0.010	0
58	20190221-057-10x.jpg	0.002	0
59	20190221-057-10x.jpg	0.072	0
60	20190221-057-10x.jpg	0.002	0
61	20190221-057-10x.jpg	0.288	0
62	20190221-057-10x.jpg	0.005	0
63	20190221-057-10x.jpg	0.098	0
64	20190221-057-10x.jpg	0.022	0
65	20190221-057-10x.jpg	0.117	0
66	20190221-057-10x.jpg	0.002	0
67	20190221-057-10x.jpg	0.019	0
68	20190221-057-10x.jpg	0.005	0
69	20190221-057-10x.jpg	0.489	0
70	20190221-057-10x.jpg	0.010	0
71	20190221-057-10x.jpg	0.024	0
72	20190221-057-10x.jpg	0.002	0
73	20190221-057-10x.jpg	0.002	0
74	20190221-057-10x.jpg	0.002	0
75	20190221-057-10x.jpg	0.007	0
76	20190221-057-10x.jpg	0.002	0
77	20190221-057-10x.jpg	0.012	0
78	20190221-057-10x.jpg	0.036	0
79	20190221-057-10x.jpg	0.005	0
80	20190221-057-10x.jpg	0.278	0
81	20190221-057-10x.jpg	0.002	0
82	20190221-057-10x.jpg	0.132	0
83	20190221-057-10x.jpg	0.005	0
84	20190221-057-10x.jpg	0.005	0
85	20190221-057-10x.jpg	0.079	0
86	20190221-057-10x.jpg	0.002	0
87	20190221-057-10x.jpg	0.002	0
88	20190221-057-10x.jpg	0.005	0
89	20190221-057-10x.jpg	0.022	0
90	20190221-057-10x.jpg	0.069	0
91	20190221-057-10x.jpg	0.292	0
92	20190221-057-10x.jpg	0.046	0
93	20190221-057-10x.jpg	0.019	0
94	20190221-057-10x.jpg	0.194	0
95	20190221-057-10x.jpg	0.005	0
96	20190221-057-10x.jpg	0.002	0
97	20190221-057-10x.jpg	0.002	0
98	20190221-057-10x.jpg	0.058	0
99	20190221-057-10x.jpg	0.002	0
100	20190221-057-10x.jpg	0.177	0
101	20190221-057-10x.jpg	0.096	0
102	20190221-057-10x.jpg	0.012	0
103	20190221-057-10x.jpg	0.005	0
104	20190221-057-10x.jpg	0.002	0
105	20190221-057-10x.jpg	0.002	0
106	20190221-057-10x.jpg	0.005	0
107	20190221-057-10x.jpg	0.002	0
108	20190221-057-10x.jpg	0.072	0
109	20190221-057-10x.jpg	0.376	0
110	20190221-057-10x.jpg	0.393	0
111	20190221-057-10x.jpg	0.007	0
112	20190221-057-10x.jpg	0.010	0
113	20190221-057-10x.jpg	0.081	0
114	20190221-057-10x.jpg	0.002	0
115	20190221-057-10x.jpg	1.732	0
116	20190221-057-10x.jpg	0.002	0
117	20190221-057-10x.jpg	0.002	0
118	20190221-057-10x.jpg	0.175	0
119	20190221-057-10x.jpg	0.019	0
120	20190221-057-10x.jpg	0.002	0
121	20190221-057-10x.jpg	0.022	0
122	20190221-057-10x.jpg	0.002	0
123	20190221-057-10x.jpg	0.208	0
124	20190221-057-10x.jpg	0.038	0
125	20190221-057-10x.jpg	1.593	0
126	20190221-057-10x.jpg	0.002	0
127	20190221-057-10x.jpg	0.041	0
128	20190221-057-10x.jpg	0.005	0
129	20190221-057-10x.jpg	0.005	0
130	20190221-057-10x.jpg	0.012	0
131	20190221-057-10x.jpg	0.417	0
132	20190221-057-10x.jpg	0.024	0
133	20190221-057-10x.jpg	0.026	0
134	20190221-057-10x.jpg	0.122	0
135	20190221-057-10x.jpg	0.005	0
136	20190221-057-10x.jpg	0.002	0
137	20190221-057-10x.jpg	1.838	0
138	20190221-057-10x.jpg	0.175	0
139	20190221-057-10x.jpg	0.074	0
140	20190221-057-10x.jpg	0.192	0
141	20190221-057-10x.jpg	0.072	0
142	20190221-057-10x.jpg	0.017	0
143	20190221-057-10x.jpg	0.060	0
144	20190221-057-10x.jpg	0.005	0
145	20190221-057-10x.jpg	0.002	0
146	20190221-057-10x.jpg	0.232	0
147	20190221-057-10x.jpg	0.002	0
148	20190221-057-10x.jpg	0.002	0
149	20190221-057-10x.jpg	13.532	0
150	20190221-057-10x.jpg	0.010	0
151	20190221-057-10x.jpg	0.259	0
152	20190221-057-10x.jpg	0.002	0
153	20190221-057-10x.jpg	0.005	0
154	20190221-057-10x.jpg	1.732	0
155	20190221-057-10x.jpg	0.570	0
156	20190221-057-10x.jpg	0.244	0
157	20190221-057-10x.jpg	0.024	0
158	20190221-057-10x.jpg	0.024	0
159	20190221-057-10x.jpg	0.038	0
160	20190221-057-10x.jpg	0.022	0
161	20190221-057-10x.jpg	0.002	0
162	20190221-057-10x.jpg	0.139	0
163	20190221-057-10x.jpg	0.369	0
164	20190221-057-10x.jpg	0.007	0
165	20190221-057-10x.jpg	0.065	0
166	20190221-057-10x.jpg	0.101	0
167	20190221-057-10x.jpg	0.060	0
168	20190221-057-10x.jpg	0.024	0
169	20190221-057-10x.jpg	0.081	0
170	20190221-057-10x.jpg	0.036	0
171	20190221-057-10x.jpg	0.005	0
172	20190221-057-10x.jpg	0.069	0
173	20190221-057-10x.jpg	0.101	0
174	20190221-057-10x.jpg	0.002	0
175	20190221-057-10x.jpg	0.014	0
176	20190221-057-10x.jpg	0.072	0
177	20190221-057-10x.jpg	0.067	0
178	20190221-057-10x.jpg	0.007	0
179	20190221-057-10x.jpg	0.002	0
180	20190221-057-10x.jpg	0.014	0
181	20190221-057-10x.jpg	0.002	0
182	20190221-057-10x.jpg	0.134	0
183	20190221-057-10x.jpg	0.086	0
184	20190221-057-10x.jpg	0.081	0
185	20190221-057-10x.jpg	0.046	0
186	20190221-057-10x.jpg	0.002	0
187	20190221-057-10x.jpg	0.007	0
188	20190221-057-10x.jpg	0.065	0
189	20190221-057-10x.jpg	0.256	0
190	20190221-057-10x.jpg	0.240	0
191	20190221-057-10x.jpg	0.005	0
192	20190221-057-10x.jpg	0.093	0
193	20190221-057-10x.jpg	0.005	0
194	20190221-057-10x.jpg	0.002	0
195	20190221-057-10x.jpg	0.002	0
196	20190221-057-10x.jpg	0.005	0
197	20190221-057-10x.jpg	0.002	0
198	20190221-057-10x.jpg	0.060	0
199	20190221-057-10x.jpg	0.024	0
200	20190221-057-10x.jpg	0.024	0
201	20190221-057-10x.jpg	0.002	0
202	20190221-057-10x.jpg	0.019	0
203	20190221-057-10x.jpg	0.005	0
204	20190221-057-10x.jpg	0.010	0
205	20190221-057-10x.jpg	0.002	0
206	20190221-057-10x.jpg	0.081	0
207	20190221-057-10x.jpg	0.093	0
208	20190221-057-10x.jpg	0.002	0
209	20190221-057-10x.jpg	0.010	0
210	20190221-057-10x.jpg	0.062	0
211	20190221-057-10x.jpg	7.152	0
212	20190221-057-10x.jpg	0.228	0
213	20190221-057-10x.jpg	0.002	0
214	20190221-057-10x.jpg	0.002	0
215	20190221-057-10x.jpg	0.019	0
216	20190221-057-10x.jpg	0.002	0
217	20190221-057-10x.jpg	0.067	0
218	20190221-057-10x.jpg	0.007	0
219	20190221-057-10x.jpg	0.029	0
220	20190221-057-10x.jpg	0.086	0
221	20190221-057-10x.jpg	0.022	0
222	20190221-057-10x.jpg	0.007	0
223	20190221-057-10x.jpg	0.022	0
224	20190221-057-10x.jpg	0.007	0
225	20190221-057-10x.jpg	0.046	0
226	20190221-057-10x.jpg	0.002	0
227	20190221-057-10x.jpg	0.074	0
228	20190221-057-10x.jpg	0.005	0
229	20190221-057-10x.jpg	0.055	0
230	20190221-057-10x.jpg	0.005	0
231	20190221-057-10x.jpg	0.014	0
232	20190221-057-10x.jpg	0.010	0
233	20190221-057-10x.jpg	0.048	0
234	20190221-057-10x.jpg	0.084	0
235	20190221-057-10x.jpg	0.146	0
236	20190221-057-10x.jpg	0.005	0
237	20190221-057-10x.jpg	0.002	0
238	20190221-057-10x.jpg	0.002	0
239	20190221-057-10x.jpg	0.005	0
240	20190221-057-10x.jpg	0.647	0
241	20190221-057-10x.jpg	0.026	0
242	20190221-057-10x.jpg	0.002	0
243	20190221-057-10x.jpg	0.518	0
244	20190221-057-10x.jpg	0.163	0
245	20190221-057-10x.jpg	0.048	0
246	20190221-057-10x.jpg	3.781	0
247	20190221-057-10x.jpg	0.058	0
248	20190221-057-10x.jpg	0.002	0
249	20190221-057-10x.jpg	0.010	0
250	20190221-057-10x.jpg	0.352	0
251	20190221-057-10x.jpg	0.014	0
252	20190221-057-10x.jpg	0.024	0
253	20190221-057-10x.jpg	0.122	0
254	20190221-057-10x.jpg	0.005	0
255	20190221-057-10x.jpg	0.002	0
256	20190221-057-10x.jpg	0.273	0
257	20190221-057-10x.jpg	0.005	0
258	20190221-057-10x.jpg	0.448	0
259	20190221-057-10x.jpg	0.002	0
260	20190221-057-10x.jpg	0.005	0
261	20190221-057-10x.jpg	0.053	0
262	20190221-057-10x.jpg	0.005	0
263	20190221-057-10x.jpg	0.012	0
264	20190221-057-10x.jpg	0.002	0
265	20190221-057-10x.jpg	0.012	0
266	20190221-057-10x.jpg	0.002	0
267	20190221-057-10x.jpg	0.031	0
268	20190221-057-10x.jpg	0.002	0
269	20190221-057-10x.jpg	0.192	0
270	20190221-057-10x.jpg	0.527	0
271	20190221-057-10x.jpg	0.002	0
272	20190221-057-10x.jpg	0.010	0
273	20190221-057-10x.jpg	0.101	0
274	20190221-057-10x.jpg	0.388	0
275	20190221-057-10x.jpg	0.043	0
276	20190221-057-10x.jpg	0.029	0
277	20190221-057-10x.jpg	0.024	0
278	20190221-057-10x.jpg	0.264	0
279	20190221-057-10x.jpg	0.007	0
280	20190221-057-10x.jpg	0.029	0
281	20190221-057-10x.jpg	0.002	0
282	20190221-057-10x.jpg	0.046	0
283	20190221-057-10x.jpg	0.079	0
284	20190221-057-10x.jpg	0.002	0
285	20190221-057-10x.jpg	0.034	0
286	20190221-057-10x.jpg	0.007	0
287	20190221-057-10x.jpg	0.019	0
288	20190221-057-10x.jpg	0.005	0
289	20190221-057-10x.jpg	0.391	0
290	20190221-057-10x.jpg	0.002	0
291	20190221-057-10x.jpg	16.900	0
292	20190221-057-10x.jpg	0.010	0
293	20190221-057-10x.jpg	0.086	0
294	20190221-057-10x.jpg	0.010	0
295	20190221-057-10x.jpg	0.153	0
296	20190221-057-10x.jpg	0.005	0
297	20190221-057-10x.jpg	0.093	0
298	20190221-057-10x.jpg	0.189	0
299	20190221-057-10x.jpg	0.010	0
300	20190221-057-10x.jpg	0.002	0
301	20190221-057-10x.jpg	0.549	0
302	20190221-057-10x.jpg	0.010	0
303	20190221-057-10x.jpg	0.738	0
304	20190221-057-10x.jpg	5.544	0
305	20190221-057-10x.jpg	0.460	0
306	20190221-057-10x.jpg	0.079	0
307	20190221-057-10x.jpg	0.012	0
308	20190221-057-10x.jpg	0.007	0
309	20190221-057-10x.jpg	2.638	0
310	20190221-057-10x.jpg	0.007	0
311	20190221-057-10x.jpg	0.091	0
312	20190221-057-10x.jpg	0.046	0
313	20190221-057-10x.jpg	0.024	0
314	20190221-057-10x.jpg	0.534	0
315	20190221-057-10x.jpg	0.005	0
316	20190221-057-10x.jpg	0.002	0
317	20190221-057-10x.jpg	0.196	0
318	20190221-057-10x.jpg	0.002	0
319	20190221-057-10x.jpg	0.050	0
320	20190221-057-10x.jpg	0.055	0
321	20190221-057-10x.jpg	0.002	0
322	20190221-057-10x.jpg	0.010	0
323	20190221-057-10x.jpg	0.024	0
324	20190221-057-10x.jpg	0.024	0
325	20190221-057-10x.jpg	0.019	0
326	20190221-057-10x.jpg	0.002	0
327	20190221-057-10x.jpg	0.046	0
328	20190221-057-10x.jpg	0.019	0
329	20190221-057-10x.jpg	0.079	0
330	20190221-057-10x.jpg	0.007	0
331	20190221-057-10x.jpg	0.029	0
332	20190221-057-10x.jpg	0.005	0
333	20190221-057-10x.jpg	0.002	0
334	20190221-057-10x.jpg	0.002	0
335	20190221-057-10x.jpg	0.010	0
336	20190221-057-10x.jpg	0.165	0
337	20190221-057-10x.jpg	0.017	0
338	20190221-057-10x.jpg	0.002	0
339	20190221-057-10x.jpg	0.007	0
340	20190221-057-10x.jpg	3.738	0
341	20190221-057-10x.jpg	15.401	0
342	20190221-057-10x.jpg	0.002	0
343	20190221-057-10x.jpg	0.072	0
344	20190221-057-10x.jpg	0.005	0
345	20190221-057-10x.jpg	0.014	0
346	20190221-057-10x.jpg	0.077	0
347	20190221-057-10x.jpg	0.050	0
348	20190221-057-10x.jpg	0.002	0
349	20190221-057-10x.jpg	0.292	0
350	20190221-057-10x.jpg	0.005	0
351	20190221-057-10x.jpg	0.002	0
352	20190221-057-10x.jpg	0.005	0
353	20190221-057-10x.jpg	0.010	0
354	20190221-057-10x.jpg	0.002	0
355	20190221-057-10x.jpg	0.007	0
356	20190221-057-10x.jpg	0.072	0
357	20190221-057-10x.jpg	0.335	0
358	20190221-057-10x.jpg	1.059	0
359	20190221-057-10x.jpg	0.196	0
360	20190221-057-10x.jpg	6.306	0
361	20190221-057-10x.jpg	0.022	0
362	20190221-057-10x.jpg	0.002	0
363	20190221-057-10x.jpg	0.223	0
364	20190221-057-10x.jpg	0.017	0
365	20190221-057-10x.jpg	0.093	0
366	20190221-057-10x.jpg	0.019	0
367	20190221-057-10x.jpg	0.002	0
368	20190221-057-10x.jpg	0.091	0
369	20190221-057-10x.jpg	0.237	0
370	20190221-057-10x.jpg	0.041	0
371	20190221-057-10x.jpg	0.005	0
372	20190221-057-10x.jpg	0.038	0
373	20190221-057-10x.jpg	0.544	0
374	20190221-057-10x.jpg	0.012	0
375	20190221-057-10x.jpg	0.074	0
376	20190221-057-10x.jpg	0.014	0
377	20190221-057-10x.jpg	0.050	0
378	20190221-057-10x.jpg	0.266	0
379	20190221-057-10x.jpg	0.122	0
380	20190221-057-10x.jpg	0.026	0
381	20190221-057-10x.jpg	0.127	0
382	20190221-057-10x.jpg	0.029	0
383	20190221-057-10x.jpg	0.299	0
384	20190221-057-10x.jpg	0.036	0
385	20190221-057-10x.jpg	0.002	0
386	20190221-057-10x.jpg	0.072	0
387	20190221-057-10x.jpg	0.007	0
388	20190221-057-10x.jpg	0.005	0
389	20190221-057-10x.jpg	17.008	0
390	20190221-057-10x.jpg	0.103	0
391	20190221-057-10x.jpg	0.022	0
392	20190221-057-10x.jpg	0.115	0
393	20190221-057-10x.jpg	0.026	0
394	20190221-057-10x.jpg	0.403	0
395	20190221-057-10x.jpg	0.038	0
396	20190221-057-10x.jpg	0.048	0
397	20190221-057-10x.jpg	0.184	0
398	20190221-057-10x.jpg	0.038	0
399	20190221-057-10x.jpg	1.277	0
400	20190221-057-10x.jpg	0.036	0
401	20190221-057-10x.jpg	0.077	0
402	20190221-057-10x.jpg	0.017	0
403	20190221-057-10x.jpg	0.103	0
404	20190221-057-10x.jpg	0.086	0
405	20190221-057-10x.jpg	0.002	0
406	20190221-057-10x.jpg	0.002	0
407	20190221-057-10x.jpg	0.002	0
408	20190221-057-10x.jpg	0.352	0
409	20190221-057-10x.jpg	0.125	0
410	20190221-057-10x.jpg	0.146	0
411	20190221-057-10x.jpg	0.002	0
412	20190221-057-10x.jpg	0.038	0
413	20190221-057-10x.jpg	0.642	0
414	20190221-057-10x.jpg	0.010	0
415	20190221-057-10x.jpg	0.072	0
416	20190221-057-10x.jpg	0.014	0
417	20190221-057-10x.jpg	0.026	0
418	20190221-057-10x.jpg	0.012	0
419	20190221-057-10x.jpg	0.002	0
420	20190221-057-10x.jpg	0.007	0
421	20190221-057-10x.jpg	0.518	0
422	20190221-057-10x.jpg	0.333	0
423	20190221-057-10x.jpg	0.220	0
424	20190221-057-10x.jpg	18.137	0
425	20190221-057-10x.jpg	21.908	0
426	20190221-057-10x.jpg	0.103	0
427	20190221-057-10x.jpg	0.019	0
428	20190221-057-10x.jpg	0.764	0
429	20190221-057-10x.jpg	0.038	0
430	20190221-057-10x.jpg	0.031	0
431	20190221-057-10x.jpg	0.575	0
432	20190221-057-10x.jpg	0.041	0
433	20190221-057-10x.jpg	1.423	0
434	20190221-057-10x.jpg	0.002	0
435	20190221-057-10x.jpg	0.005	0
436	20190221-057-10x.jpg	0.187	0
437	20190221-057-10x.jpg	1.236	0
438	20190221-057-10x.jpg	0.158	0
439	20190221-057-10x.jpg	0.002	0
440	20190221-057-10x.jpg	0.113	0
441	20190221-057-10x.jpg	0.225	0
442	20190221-057-10x.jpg	0.161	0
443	20190221-057-10x.jpg	0.019	0
444	20190221-057-10x.jpg	0.283	0
445	20190221-057-10x.jpg	0.091	0
446	20190221-057-10x.jpg	0.470	0
447	20190221-057-10x.jpg	0.002	0
448	20190221-057-10x.jpg	0.019	0
449	20190221-057-10x.jpg	0.254	0
450	20190221-057-10x.jpg	0.065	0
451	20190221-057-10x.jpg	0.012	0
452	20190221-057-10x.jpg	0.180	0
453	20190221-057-10x.jpg	0.002	0
454	20190221-057-10x.jpg	0.014	0
455	20190221-057-10x.jpg	0.163	0
456	20190221-057-10x.jpg	0.671	0
457	20190221-057-10x.jpg	0.103	0
458	20190221-057-10x.jpg	0.017	0
459	20190221-057-10x.jpg	0.084	0
460	20190221-057-10x.jpg	0.230	0
461	20190221-057-10x.jpg	0.034	0
462	20190221-057-10x.jpg	5.702	0
463	20190221-057-10x.jpg	0.120	0
464	20190221-057-10x.jpg	0.002	0
465	20190221-057-10x.jpg	0.002	0
466	20190221-057-10x.jpg	0.024	0
467	20190221-057-10x.jpg	0.022	0
468	20190221-057-10x.jpg	0.041	0
469	20190221-057-10x.jpg	0.041	0
470	20190221-057-10x.jpg	0.005	0
471	20190221-057-10x.jpg	0.065	0
472	20190221-057-10x.jpg	0.007	0
473	20190221-057-10x.jpg	0.017	0
474	20190221-057-10x.jpg	0.019	0
475	20190221-057-10x.jpg	1.160	0
476	20190221-057-10x.jpg	0.299	0
477	20190221-057-10x.jpg	0.031	0
478	20190221-057-10x.jpg	3.968	0
479	20190221-057-10x.jpg	0.005	0
480	20190221-057-10x.jpg	0.002	0
481	20190221-057-10x.jpg	0.302	0
482	20190221-057-10x.jpg	0.019	0
483	20190221-057-10x.jpg	0.007	0
484	20190221-057-10x.jpg	0.101	0
485	20190221-057-10x.jpg	0.014	0
486	20190221-057-10x.jpg	0.158	0
487	20190221-057-10x.jpg	0.204	0
488	20190221-057-10x.jpg	0.005	0
489	20190221-057-10x.jpg	0.333	0
490	20190221-057-10x.jpg	0.922	0
491	20190221-057-10x.jpg	0.101	0
492	20190221-057-10x.jpg	0.125	0
493	20190221-057-10x.jpg	0.072	0
494	20190221-057-10x.jpg	0.079	0
495	20190221-057-10x.jpg	0.486	0
496	20190221-057-10x.jpg	0.065	0
497	20190221-057-10x.jpg	0.002	0
498	20190221-057-10x.jpg	0.350	0
499	20190221-057-10x.jpg	0.062	0
500	20190221-057-10x.jpg	0.002	0
501	20190221-057-10x.jpg	0.398	0
502	20190221-057-10x.jpg	0.053	0
503	20190221-057-10x.jpg	0.002	0
504	20190221-057-10x.jpg	0.350	0
505	20190221-057-10x.jpg	0.034	0
506	20190221-057-10x.jpg	0.199	0
507	20190221-057-10x.jpg	0.230	0
508	20190221-057-10x.jpg	0.201	0
509	20190221-057-10x.jpg	0.105	0
510	20190221-057-10x.jpg	0.072	0
511	20190221-057-10x.jpg	0.338	0
512	20190221-057-10x.jpg	0.005	0
513	20190221-057-10x.jpg	0.026	0
514	20190221-057-10x.jpg	0.072	0
515	20190221-057-10x.jpg	0.041	0
516	20190221-057-10x.jpg	0.429	0
517	20190221-057-10x.jpg	0.072	0
518	20190221-057-10x.jpg	0.345	0
519	20190221-057-10x.jpg	0.002	0
520	20190221-057-10x.jpg	0.072	0
521	20190221-057-10x.jpg	1.627	0
522	20190221-057-10x.jpg	0.081	0
523	20190221-057-10x.jpg	0.010	0
524	20190221-057-10x.jpg	0.002	0
525	20190221-057-10x.jpg	0.005	0
526	20190221-057-10x.jpg	0.144	0
527	20190221-057-10x.jpg	0.005	0
528	20190221-057-10x.jpg	0.129	0
529	20190221-057-10x.jpg	0.103	0
530	20190221-057-10x.jpg	0.081	0
531	20190221-057-10x.jpg	0.005	0
532	20190221-057-10x.jpg	0.113	0
533	20190221-057-10x.jpg	0.010	0
534	20190221-057-10x.jpg	0.939	0
535	20190221-057-10x.jpg	0.043	0
536	20190221-057-10x.jpg	0.223	0
537	20190221-057-10x.jpg	0.225	0
538	20190221-057-10x.jpg	0.297	0
539	20190221-057-10x.jpg	0.029	0
540	20190221-057-10x.jpg	0.096	0
541	20190221-057-10x.jpg	0.010	0
542	20190221-057-10x.jpg	0.189	0
543	20190221-057-10x.jpg	0.065	0
544	20190221-057-10x.jpg	0.225	0
545	20190221-057-10x.jpg	0.244	0
546	20190221-057-10x.jpg	0.046	0
547	20190221-057-10x.jpg	0.002	0
548	20190221-057-10x.jpg	0.127	0
549	20190221-057-10x.jpg	0.220	0
550	20190221-057-10x.jpg	0.173	0
551	20190221-057-10x.jpg	0.319	0
552	20190221-057-10x.jpg	0.129	0
553	20190221-057-10x.jpg	0.098	0
554	20190221-057-10x.jpg	0.144	0
555	20190221-057-10x.jpg	0.026	0
556	20190221-057-10x.jpg	0.115	0
557	20190221-057-10x.jpg	0.055	0
558	20190221-057-10x.jpg	0.048	0
559	20190221-057-10x.jpg	0.019	0
560	20190221-057-10x.jpg	0.149	0
561	20190221-057-10x.jpg	0.424	0
562	20190221-057-10x.jpg	0.086	0
563	20190221-057-10x.jpg	0.211	0
564	20190221-057-10x.jpg	0.010	0
565	20190221-057-10x.jpg	0.041	0
566	20190221-057-10x.jpg	0.017	0
567	20190221-057-10x.jpg	19.069	0
568	20190221-057-10x.jpg	6.905	0
569	20190221-057-10x.jpg	0.002	0
570	20190221-057-10x.jpg	0.690	0
571	20190221-057-10x.jpg	0.129	0
572	20190221-057-10x.jpg	0.206	0
573	20190221-057-10x.jpg	0.002	0
574	20190221-057-10x.jpg	0.074	0
575	20190221-057-10x.jpg	0.010	0
576	20190221-057-10x.jpg	0.105	0
577	20190221-057-10x.jpg	0.465	0
578	20190221-057-10x.jpg	0.350	0
579	20190221-057-10x.jpg	0.084	0
580	20190221-057-10x.jpg	0.137	0
581	20190221-057-10x.jpg	0.424	0
582	20190221-057-10x.jpg	0.002	0
583	20190221-057-10x.jpg	0.393	0
584	20190221-057-10x.jpg	0.137	0
585	20190221-057-10x.jpg	0.002	0
586	20190221-057-10x.jpg	0.026	0
587	20190221-057-10x.jpg	0.002	0
588	20190221-057-10x.jpg	0.146	0
589	20190221-057-10x.jpg	0.553	0
590	20190221-057-10x.jpg	0.122	0
591	20190221-057-10x.jpg	0.053	0
592	20190221-057-10x.jpg	0.002	0
593	20190221-057-10x.jpg	0.029	0
594	20190221-057-10x.jpg	0.443	0
595	20190221-057-10x.jpg	0.017	0
596	20190221-057-10x.jpg	0.050	0
597	20190221-057-10x.jpg	0.158	0
598	20190221-057-10x.jpg	0.120	0
599	20190221-057-10x.jpg	0.115	0
600	20190221-057-10x.jpg	0.010	0
601	20190221-057-10x.jpg	0.609	0
602	20190221-057-10x.jpg	0.077	0
603	20190221-057-10x.jpg	0.014	0
604	20190221-057-10x.jpg	0.036	0
605	20190221-057-10x.jpg	0.113	0
606	20190221-057-10x.jpg	0.280	0
607	20190221-057-10x.jpg	0.498	0
608	20190221-057-10x.jpg	0.580	0
609	20190221-057-10x.jpg	0.098	0
610	20190221-057-10x.jpg	0.309	0
611	20190221-057-10x.jpg	0.081	0
612	20190221-057-10x.jpg	0.110	0
613	20190221-057-10x.jpg	0.089	0
614	20190221-057-10x.jpg	0.122	0
615	20190221-057-10x.jpg	0.108	0
616	20190221-057-10x.jpg	0.065	0
617	20190221-057-10x.jpg	0.177	0
618	20190221-057-10x.jpg	0.271	0
619	20190221-057-10x.jpg	0.053	0
620	20190221-057-10x.jpg	0.628	0
621	20190221-057-10x.jpg	0.007	0
622	20190221-057-10x.jpg	0.208	0
623	20190221-057-10x.jpg	0.031	0
624	20190221-057-10x.jpg	1.373	0
625	20190221-057-10x.jpg	0.019	0
626	20190221-057-10x.jpg	0.767	0
627	20190221-057-10x.jpg	0.288	0
628	20190221-057-10x.jpg	0.110	0
629	20190221-057-10x.jpg	0.026	0
630	20190221-057-10x.jpg	2.391	0
631	20190221-057-10x.jpg	0.086	0
632	20190221-057-10x.jpg	0.501	0
633	20190221-057-10x.jpg	0.101	0
634	20190221-057-10x.jpg	1.485	0
635	20190221-057-10x.jpg	0.175	0
636	20190221-057-10x.jpg	0.177	0
637	20190221-057-10x.jpg	0.371	0
638	20190221-057-10x.jpg	0.067	0
639	20190221-057-10x.jpg	0.005	0
640	20190221-057-10x.jpg	0.002	0
641	20190221-057-10x.jpg	0.014	0
642	20190221-057-10x.jpg	0.029	0
643	20190221-057-10x.jpg	5.168	0
644	20190221-057-10x.jpg	20.283	0
645	20190221-057-10x.jpg	0.002	0
646	20190221-057-10x.jpg	1.277	0
647	20190221-057-10x.jpg	0.165	0
648	20190221-057-10x.jpg	0.412	0
649	20190221-057-10x.jpg	0.002	0
650	20190221-057-10x.jpg	0.002	0
651	20190221-057-10x.jpg	0.244	0
652	20190221-057-10x.jpg	0.017	0
653	20190221-057-10x.jpg	0.058	0
654	20190221-057-10x.jpg	0.046	0
655	20190221-057-10x.jpg	0.074	0
656	20190221-057-10x.jpg	0.079	0
657	20190221-057-10x.jpg	0.002	0
658	20190221-057-10x.jpg	0.149	0
659	20190221-057-10x.jpg	0.769	0
660	20190221-057-10x.jpg	8.124	0
661	20190221-057-10x.jpg	0.002	0
662	20190221-057-10x.jpg	0.151	0
663	20190221-057-10x.jpg	0.002	0
664	20190221-057-10x.jpg	0.144	0
665	20190221-057-10x.jpg	0.002	0
666	20190221-057-10x.jpg	0.048	0
667	20190221-057-10x.jpg	0.089	0
668	20190221-057-10x.jpg	0.005	0
669	20190221-057-10x.jpg	0.012	0
670	20190221-057-10x.jpg	0.002	0
671	20190221-057-10x.jpg	0.002	0
672	20190221-057-10x.jpg	0.122	0
673	20190221-057-10x.jpg	0.012	0
674	20190221-057-10x.jpg	0.683	0
675	20190221-057-10x.jpg	0.041	0
676	20190221-057-10x.jpg	2.209	0
677	20190221-057-10x.jpg	0.005	0
678	20190221-057-10x.jpg	0.014	0
679	20190221-057-10x.jpg	0.036	0
680	20190221-057-10x.jpg	0.005	0
681	20190221-057-10x.jpg	0.019	0
682	20190221-057-10x.jpg	0.127	0
683	20190221-057-10x.jpg	0.187	0
684	20190221-057-10x.jpg	0.017	0
685	20190221-057-10x.jpg	0.005	0
686	20190221-057-10x.jpg	0.187	0
687	20190221-057-10x.jpg	2.259	0
688	20190221-057-10x.jpg	0.093	0
689	20190221-057-10x.jpg	0.137	0
690	20190221-057-10x.jpg	0.738	0
691	20190221-057-10x.jpg	0.002	0
692	20190221-057-10x.jpg	0.177	0
693	20190221-057-10x.jpg	0.002	0
694	20190221-057-10x.jpg	0.026	0
695	20190221-057-10x.jpg	0.017	0
696	20190221-057-10x.jpg	0.379	0
697	20190221-057-10x.jpg	0.017	0
698	20190221-057-10x.jpg	0.055	0
699	20190221-057-10x.jpg	0.005	0
700	20190221-057-10x.jpg	0.077	0
701	20190221-057-10x.jpg	0.079	0
702	20190221-057-10x.jpg	0.096	0
703	20190221-057-10x.jpg	0.400	0
704	20190221-057-10x.jpg	1.073	0
705	20190221-057-10x.jpg	0.002	0
706	20190221-057-10x.jpg	0.017	0
707	20190221-057-10x.jpg	0.050	0
708	20190221-057-10x.jpg	0.381	0
709	20190221-057-10x.jpg	0.069	0
710	20190221-057-10x.jpg	0.010	0
711	20190221-057-10x.jpg	0.002	0
712	20190221-057-10x.jpg	0.815	0
713	20190221-057-10x.jpg	0.034	0
714	20190221-057-10x.jpg	0.005	0
715	20190221-057-10x.jpg	0.010	0
716	20190221-057-10x.jpg	0.022	0
717	20190221-057-10x.jpg	0.043	0
718	20190221-057-10x.jpg	0.010	0
719	20190221-057-10x.jpg	0.180	0
720	20190221-057-10x.jpg	2.017	0
721	20190221-057-10x.jpg	0.472	0
722	20190221-057-10x.jpg	0.002	0
723	20190221-057-10x.jpg	2.434	0
724	20190221-057-10x.jpg	1.936	0
725	20190221-057-10x.jpg	0.069	0
726	20190221-057-10x.jpg	0.077	0
727	20190221-057-10x.jpg	0.005	0
728	20190221-057-10x.jpg	0.005	0
729	20190221-057-10x.jpg	0.019	0
730	20190221-057-10x.jpg	0.029	0
731	20190221-057-10x.jpg	3.335	0
732	20190221-057-10x.jpg	0.120	0
733	20190221-057-10x.jpg	0.002	0
734	20190221-057-10x.jpg	0.175	0
735	20190221-057-10x.jpg	0.017	0
736	20190221-057-10x.jpg	0.005	0
737	20190221-057-10x.jpg	0.151	0
738	20190221-057-10x.jpg	0.024	0
739	20190221-057-10x.jpg	0.577	0
740	20190221-057-10x.jpg	0.014	0
741	20190221-057-10x.jpg	0.031	0
742	20190221-057-10x.jpg	0.002	0
743	20190221-057-10x.jpg	0.005	0
744	20190221-057-10x.jpg	0.026	0
745	20190221-057-10x.jpg	0.168	0
746	20190221-057-10x.jpg	0.062	0
747	20190221-057-10x.jpg	0.036	0
748	20190221-057-10x.jpg	2.116	0
749	20190221-057-10x.jpg	0.022	0
750	20190221-057-10x.jpg	0.141	0
751	20190221-057-10x.jpg	0.053	0
752	20190221-057-10x.jpg	0.002	0
753	20190221-057-10x.jpg	0.240	0
754	20190221-057-10x.jpg	0.127	0
755	20190221-057-10x.jpg	0.031	0
756	20190221-057-10x.jpg	2.647	0
757	20190221-057-10x.jpg	0.170	0
758	20190221-057-10x.jpg	0.005	0
759	20190221-057-10x.jpg	0.438	0
760	20190221-057-10x.jpg	0.302	0
761	20190221-057-10x.jpg	0.050	0
762	20190221-057-10x.jpg	0.482	0
763	20190221-057-10x.jpg	0.623	0
764	20190221-057-10x.jpg	0.002	0
765	20190221-057-10x.jpg	0.002	0
766	20190221-057-10x.jpg	0.022	0
767	20190221-057-10x.jpg	0.153	0
768	20190221-057-10x.jpg	6.677	0
769	20190221-057-10x.jpg	0.019	0
770	20190221-057-10x.jpg	1.751	0
771	20190221-057-10x.jpg	0.038	0
772	20190221-057-10x.jpg	0.012	0
773	20190221-057-10x.jpg	0.081	0
774	20190221-057-10x.jpg	0.002	0
775	20190221-057-10x.jpg	0.019	0
776	20190221-057-10x.jpg	0.141	0
777	20190221-057-10x.jpg	0.002	0
778	20190221-057-10x.jpg	0.022	0
779	20190221-057-10x.jpg	0.474	0
780	20190221-057-10x.jpg	0.060	0
781	20190221-057-10x.jpg	0.002	0
782	20190221-057-10x.jpg	0.026	0
783	20190221-057-10x.jpg	0.091	0
784	20190221-057-10x.jpg	0.058	0
785	20190221-057-10x.jpg	0.740	0
786	20190221-057-10x.jpg	0.010	0
787	20190221-057-10x.jpg	4.152	0
788	20190221-057-10x.jpg	0.002	0
789	20190221-057-10x.jpg	0.117	0
790	20190221-057-10x.jpg	0.002	0
791	20190221-057-10x.jpg	0.055	0
792	20190221-057-10x.jpg	0.019	0
793	20190221-057-10x.jpg	0.038	0
794	20190221-057-10x.jpg	0.002	0
795	20190221-057-10x.jpg	0.007	0
796	20190221-057-10x.jpg	0.081	0
797	20190221-057-10x.jpg	0.077	0
798	20190221-057-10x.jpg	0.096	0
799	20190221-057-10x.jpg	0.165	0
800	20190221-057-10x.jpg	0.105	0
801	20190221-057-10x.jpg	0.201	0
802	20190221-057-10x.jpg	0.429	0
803	20190221-057-10x.jpg	0.031	0
804	20190221-057-10x.jpg	0.019	0
805	20190221-057-10x.jpg	0.333	0
806	20190221-057-10x.jpg	0.019	0
807	20190221-057-10x.jpg	0.110	0
808	20190221-057-10x.jpg	0.012	0
809	20190221-057-10x.jpg	0.014	0
810	20190221-057-10x.jpg	0.053	0
811	20190221-057-10x.jpg	0.081	0
812	20190221-057-10x.jpg	0.163	0
813	20190221-057-10x.jpg	0.230	0
814	20190221-057-10x.jpg	0.060	0
815	20190221-057-10x.jpg	2.092	0
816	20190221-057-10x.jpg	0.002	0
817	20190221-057-10x.jpg	0.093	0
818	20190221-057-10x.jpg	0.067	0
819	20190221-057-10x.jpg	0.201	0
820	20190221-057-10x.jpg	3.311	0
821	20190221-057-10x.jpg	3.134	0
822	20190221-057-10x.jpg	0.026	0
823	20190221-057-10x.jpg	0.002	0
824	20190221-057-10x.jpg	0.024	0
825	20190221-057-10x.jpg	0.022	0
826	20190221-057-10x.jpg	0.007	0
827	20190221-057-10x.jpg	0.204	0
828	20190221-057-10x.jpg	0.295	0
829	20190221-057-10x.jpg	0.101	0
830	20190221-057-10x.jpg	0.345	0
831	20190221-057-10x.jpg	0.012	0
832	20190221-057-10x.jpg	0.115	0
833	20190221-057-10x.jpg	0.141	0
834	20190221-057-10x.jpg	0.386	0
835	20190221-057-10x.jpg	0.005	0
836	20190221-057-10x.jpg	0.050	0
837	20190221-057-10x.jpg	0.058	0
838	20190221-057-10x.jpg	0.005	0
839	20190221-057-10x.jpg	0.719	0
840	20190221-057-10x.jpg	0.759	0
841	20190221-057-10x.jpg	0.153	0
842	20190221-057-10x.jpg	0.134	0
843	20190221-057-10x.jpg	0.609	0
844	20190221-057-10x.jpg	0.048	0
845	20190221-057-10x.jpg	0.304	0
846	20190221-057-10x.jpg	0.029	0
847	20190221-057-10x.jpg	0.292	0
848	20190221-057-10x.jpg	0.007	0
849	20190221-057-10x.jpg	0.165	0
850	20190221-057-10x.jpg	11.996	0
851	20190221-057-10x.jpg	0.060	0
852	20190221-057-10x.jpg	0.038	0
853	20190221-057-10x.jpg	0.007	0
854	20190221-057-10x.jpg	0.002	0
855	20190221-057-10x.jpg	4.610	0
856	20190221-057-10x.jpg	0.429	0
857	20190221-057-10x.jpg	0.129	0
858	20190221-057-10x.jpg	15.451	0
859	20190221-057-10x.jpg	0.007	0
860	20190221-057-10x.jpg	0.069	0
861	20190221-057-10x.jpg	0.002	0
862	20190221-057-10x.jpg	0.005	0
863	20190221-057-10x.jpg	0.005	0
864	20190221-057-10x.jpg	0.252	0
865	20190221-057-10x.jpg	0.081	0
866	20190221-057-10x.jpg	0.050	0
867	20190221-057-10x.jpg	2.377	0
868	20190221-057-10x.jpg	0.606	0
869	20190221-057-10x.jpg	0.002	0
870	20190221-057-10x.jpg	0.321	0
871	20190221-057-10x.jpg	0.002	0
872	20190221-057-10x.jpg	0.065	0
873	20190221-057-10x.jpg	0.029	0
874	20190221-057-10x.jpg	0.304	0
875	20190221-057-10x.jpg	2.350	0
876	20190221-057-10x.jpg	0.002	0
877	20190221-057-10x.jpg	0.055	0
878	20190221-057-10x.jpg	0.187	0
879	20190221-057-10x.jpg	0.367	0
880	20190221-057-10x.jpg	0.029	0
881	20190221-057-10x.jpg	0.180	0
882	20190221-057-10x.jpg	0.005	0
883	20190221-057-10x.jpg	0.010	0
884	20190221-057-10x.jpg	0.002	0
885	20190221-057-10x.jpg	0.110	0
886	20190221-057-10x.jpg	1.680	0
887	20190221-057-10x.jpg	0.029	0
888	20190221-057-10x.jpg	0.096	0
889	20190221-057-10x.jpg	0.012	0
890	20190221-057-10x.jpg	0.014	0
891	20190221-057-10x.jpg	0.398	0
892	20190221-057-10x.jpg	0.228	0
893	20190221-057-10x.jpg	0.058	0
894	20190221-057-10x.jpg	11.055	0
895	20190221-057-10x.jpg	0.017	0
896	20190221-057-10x.jpg	0.002	0
897	20190221-057-10x.jpg	0.002	0
898	20190221-057-10x.jpg	0.005	0
899	20190221-057-10x.jpg	0.005	0
900	20190221-057-10x.jpg	0.005	0
901	20190221-057-10x.jpg	0.177	0
902	20190221-057-10x.jpg	0.002	0
903	20190221-057-10x.jpg	0.031	0
904	20190221-057-10x.jpg	0.161	0
905	20190221-057-10x.jpg	3.019	0
906	20190221-057-10x.jpg	0.235	0
907	20190221-057-10x.jpg	0.156	0
908	20190221-057-10x.jpg	0.177	0
909	20190221-057-10x.jpg	0.062	0
910	20190221-057-10x.jpg	2.516	0
911	20190221-057-10x.jpg	0.450	0
912	20190221-057-10x.jpg	0.096	0
913	20190221-057-10x.jpg	0.105	0
914	20190221-057-10x.jpg	16.543	0
915	20190221-057-10x.jpg	0.005	0
916	20190221-057-10x.jpg	0.034	0
917	20190221-057-10x.jpg	0.565	0
918	20190221-057-10x.jpg	0.005	0
919	20190221-057-10x.jpg	0.012	0
920	20190221-057-10x.jpg	0.553	0
921	20190221-057-10x.jpg	0.060	0
922	20190221-057-10x.jpg	0.184	0
923	20190221-057-10x.jpg	0.038	0
924	20190221-057-10x.jpg	0.019	0
925	20190221-057-10x.jpg	1.155	0
926	20190221-057-10x.jpg	2.983	0
927	20190221-057-10x.jpg	0.012	0
928	20190221-057-10x.jpg	0.007	0
929	20190221-057-10x.jpg	2.410	0
930	20190221-057-10x.jpg	6.883	0
931	20190221-057-10x.jpg	0.053	0
932	20190221-057-10x.jpg	0.110	0
933	20190221-057-10x.jpg	0.216	0
934	20190221-057-10x.jpg	0.072	0
935	20190221-057-10x.jpg	0.002	0
936	20190221-057-10x.jpg	0.034	0
937	20190221-057-10x.jpg	0.134	0
938	20190221-057-10x.jpg	0.024	0
939	20190221-057-10x.jpg	0.419	0
940	20190221-057-10x.jpg	0.010	0
941	20190221-057-10x.jpg	0.038	0
942	20190221-057-10x.jpg	0.074	0
943	20190221-057-10x.jpg	21.604	0
944	20190221-057-10x.jpg	0.048	0
945	20190221-057-10x.jpg	0.005	0
946	20190221-057-10x.jpg	0.002	0
947	20190221-057-10x.jpg	6.627	0
948	20190221-057-10x.jpg	0.002	0
949	20190221-057-10x.jpg	0.522	0
950	20190221-057-10x.jpg	0.022	0
951	20190221-057-10x.jpg	0.115	0
952	20190221-057-10x.jpg	0.046	0
953	20190221-057-10x.jpg	0.007	0
954	20190221-057-10x.jpg	0.024	0
955	20190221-057-10x.jpg	0.002	0
956	20190221-057-10x.jpg	0.482	0
957	20190221-057-10x.jpg	0.038	0
958	20190221-057-10x.jpg	0.697	0
959	20190221-057-10x.jpg	0.002	0
960	20190221-057-10x.jpg	0.005	0
961	20190221-057-10x.jpg	0.043	0
962	20190221-057-10x.jpg	0.503	0
963	20190221-057-10x.jpg	0.005	0
964	20190221-057-10x.jpg	0.005	0
965	20190221-057-10x.jpg	0.002	0
966	20190221-057-10x.jpg	0.005	0
967	20190221-057-10x.jpg	0.002	0
968	20190221-057-10x.jpg	0.012	0
969	20190221-057-10x.jpg	0.005	0
970	20190221-057-10x.jpg	0.002	0
971	20190221-057-10x.jpg	0.125	0
972	20190221-057-10x.jpg	0.029	0
973	20190221-057-10x.jpg	1.284	0
974	20190221-057-10x.jpg	0.002	0
975	20190221-057-10x.jpg	0.139	0
976	20190221-057-10x.jpg	0.077	0
977	20190221-057-10x.jpg	0.041	0
978	20190221-057-10x.jpg	0.113	0
979	20190221-057-10x.jpg	0.002	0
980	20190221-057-10x.jpg	0.002	0
981	20190221-057-10x.jpg	0.074	0
982	20190221-057-10x.jpg	8.546	0
983	20190221-057-10x.jpg	0.002	0
984	20190221-057-10x.jpg	0.067	0
985	20190221-057-10x.jpg	0.038	0
986	20190221-057-10x.jpg	0.587	0
987	20190221-057-10x.jpg	0.046	0
988	20190221-057-10x.jpg	5.913	0
989	20190221-057-10x.jpg	0.081	0
990	20190221-057-10x.jpg	0.019	0
991	20190221-057-10x.jpg	0.002	0
992	20190221-057-10x.jpg	1.926	0
993	20190221-057-10x.jpg	0.213	0
994	20190221-057-10x.jpg	0.002	0
995	20190221-057-10x.jpg	0.105	0
996	20190221-057-10x.jpg	15.901	0
997	20190221-057-10x.jpg	0.024	0
998	20190221-057-10x.jpg	0.115	0
999	20190221-057-10x.jpg	7.846	0
1000	20190221-057-10x.jpg	0.508	0
1001	20190221-057-10x.jpg	7.365	0
1002	20190221-057-10x.jpg	0.153	0
1003	20190221-057-10x.jpg	0.005	0
1004	20190221-057-10x.jpg	0.048	0
1005	20190221-057-10x.jpg	0.048	0
1006	20190221-057-10x.jpg	0.002	0
1007	20190221-057-10x.jpg	0.002	0
1008	20190221-057-10x.jpg	0.048	0
1009	20190221-057-10x.jpg	0.062	0
1010	20190221-057-10x.jpg	0.002	0
1011	20190221-057-10x.jpg	0.220	0
1012	20190221-057-10x.jpg	0.019	0
1013	20190221-057-10x.jpg	16.922	0
1014	20190221-057-10x.jpg	0.321	0
1015	20190221-057-10x.jpg	0.192	0
1016	20190221-057-10x.jpg	0.053	0
1017	20190221-057-10x.jpg	5.597	0
1018	20190221-057-10x.jpg	0.005	0
1019	20190221-057-10x.jpg	0.129	0
1020	20190221-057-10x.jpg	0.163	0
1021	20190221-057-10x.jpg	0.010	0
1022	20190221-057-10x.jpg	0.024	0
1023	20190221-057-10x.jpg	0.002	0
1024	20190221-057-10x.jpg	0.065	0
1025	20190221-057-10x.jpg	0.002	0
1026	20190221-057-10x.jpg	0.010	0
1027	20190221-057-10x.jpg	0.022	0
1028	20190221-057-10x.jpg	0.609	0
1029	20190221-057-10x.jpg	11.848	0
1030	20190221-057-10x.jpg	0.007	0
1031	20190221-057-10x.jpg	0.944	0
1032	20190221-057-10x.jpg	2.384	0
1033	20190221-057-10x.jpg	0.184	0
1034	20190221-057-10x.jpg	0.005	0
1035	20190221-057-10x.jpg	0.122	0
1036	20190221-057-10x.jpg	0.173	0
1037	20190221-057-10x.jpg	0.002	0
1038	20190221-057-10x.jpg	0.149	0
1039	20190221-057-10x.jpg	2.358	0
1040	20190221-057-10x.jpg	8.139	0
1041	20190221-057-10x.jpg	0.053	0
1042	20190221-057-10x.jpg	0.120	0
1043	20190221-057-10x.jpg	0.002	0
1044	20190221-057-10x.jpg	0.002	0
1045	20190221-057-10x.jpg	0.321	0
1046	20190221-057-10x.jpg	0.364	0
1047	20190221-057-10x.jpg	0.108	0
1048	20190221-057-10x.jpg	0.060	0
1049	20190221-057-10x.jpg	0.649	0
1050	20190221-057-10x.jpg	11.126	0
1051	20190221-057-10x.jpg	0.230	0
1052	20190221-057-10x.jpg	0.096	0
1053	20190221-057-10x.jpg	0.002	0
1054	20190221-057-10x.jpg	0.005	0
1055	20190221-057-10x.jpg	0.431	0
1056	20190221-057-10x.jpg	0.017	0
1057	20190221-057-10x.jpg	0.062	0
1058	20190221-057-10x.jpg	5.384	0
1059	20190221-057-10x.jpg	0.002	0
1060	20190221-057-10x.jpg	0.007	0
1061	20190221-057-10x.jpg	0.007	0
1062	20190221-057-10x.jpg	0.007	0
1063	20190221-057-10x.jpg	0.005	0
1064	20190221-057-10x.jpg	0.002	0
1065	20190221-057-10x.jpg	5.015	0
1066	20190221-057-10x.jpg	0.002	0
1067	20190221-057-10x.jpg	0.014	0
1068	20190221-057-10x.jpg	0.002	0
1069	20190221-057-10x.jpg	11.943	0
1070	20190221-057-10x.jpg	0.002	0
1071	20190221-057-10x.jpg	0.005	0
1072	20190221-057-10x.jpg	0.173	0
1073	20190221-057-10x.jpg	0.134	0
1074	20190221-057-10x.jpg	0.022	0
1075	20190221-057-10x.jpg	0.005	0
1076	20190221-057-10x.jpg	0.014	0
1077	20190221-057-10x.jpg	0.007	0
1078	20190221-057-10x.jpg	0.005	0
1079	20190221-057-10x.jpg	0.168	0
1080	20190221-057-10x.jpg	0.304	0
1081	20190221-057-10x.jpg	0.034	0
1082	20190221-057-10x.jpg	0.002	0
1083	20190221-057-10x.jpg	0.129	0
1084	20190221-057-10x.jpg	0.038	0
1085	20190221-057-10x.jpg	0.062	0
1086	20190221-057-10x.jpg	0.046	0
1087	20190221-057-10x.jpg	0.304	0
1088	20190221-057-10x.jpg	0.223	0
1089	20190221-057-10x.jpg	0.002	0
1090	20190221-057-10x.jpg	0.855	0
1091	20190221-057-10x.jpg	0.002	0
1092	20190221-057-10x.jpg	0.074	0
1093	20190221-057-10x.jpg	0.146	0
1094	20190221-057-10x.jpg	0.017	0
1095	20190221-057-10x.jpg	0.309	0
1096	20190221-057-10x.jpg	0.060	0
1097	20190221-057-10x.jpg	0.005	0
1098	20190221-057-10x.jpg	0.017	0
1099	20190221-057-10x.jpg	0.520	0
1100	20190221-057-10x.jpg	0.343	0
1101	20190221-057-10x.jpg	3.261	0
1102	20190221-057-10x.jpg	0.163	0
1103	20190221-057-10x.jpg	0.014	0
1104	20190221-057-10x.jpg	0.125	0
1105	20190221-057-10x.jpg	0.017	0
1106	20190221-057-10x.jpg	0.113	0
1107	20190221-057-10x.jpg	0.038	0
1108	20190221-057-10x.jpg	9.485	0
1109	20190221-057-10x.jpg	2.307	0
1110	20190221-057-10x.jpg	0.081	0
1111	20190221-057-10x.jpg	0.019	0
1112	20190221-057-10x.jpg	0.002	0
1113	20190221-057-10x.jpg	11.812	0
1114	20190221-057-10x.jpg	0.017	0
1115	20190221-057-10x.jpg	0.002	0
1116	20190221-057-10x.jpg	0.005	0
1117	20190221-057-10x.jpg	0.055	0
1118	20190221-057-10x.jpg	0.980	0
1119	20190221-057-10x.jpg	0.038	0
1120	20190221-057-10x.jpg	0.002	0
1121	20190221-057-10x.jpg	0.005	0
1122	20190221-057-10x.jpg	0.050	0
1123	20190221-057-10x.jpg	0.002	0
1124	20190221-057-10x.jpg	0.005	0
1125	20190221-057-10x.jpg	0.290	0
1126	20190221-057-10x.jpg	0.002	0
1127	20190221-057-10x.jpg	0.007	0
1128	20190221-057-10x.jpg	0.079	0
1129	20190221-057-10x.jpg	0.002	0
1130	20190221-057-10x.jpg	0.002	0
1131	20190221-057-10x.jpg	2.645	0
1132	20190221-057-10x.jpg	0.002	0
1133	20190221-057-10x.jpg	0.005	0
1134	20190221-057-10x.jpg	0.005	0
1135	20190221-057-10x.jpg	0.187	0
1136	20190221-057-10x.jpg	0.026	0
1137	20190221-057-10x.jpg	0.002	0
1138	20190221-057-10x.jpg	0.005	0
1139	20190221-057-10x.jpg	0.005	0
1140	20190221-057-10x.jpg	0.007	0
1141	20190221-057-10x.jpg	1.435	0
1142	20190221-057-10x.jpg	0.072	0
1143	20190221-057-10x.jpg	2.719	0
1144	20190221-057-10x.jpg	0.031	0
1145	20190221-057-10x.jpg	0.029	0
1146	20190221-057-10x.jpg	0.007	0
1147	20190221-057-10x.jpg	0.005	0
1148	20190221-057-10x.jpg	0.012	0
1149	20190221-057-10x.jpg	0.014	0
1150	20190221-057-10x.jpg	0.182	0
1151	20190221-057-10x.jpg	1.605	0
1152	20190221-057-10x.jpg	0.288	0
1153	20190221-057-10x.jpg	0.084	0
1154	20190221-057-10x.jpg	0.024	0
1155	20190221-057-10x.jpg	7.176	0
1156	20190221-057-10x.jpg	0.266	0
1157	20190221-057-10x.jpg	0.084	0
1158	20190221-057-10x.jpg	0.043	0
1159	20190221-057-10x.jpg	0.005	0
1160	20190221-057-10x.jpg	1.102	0
1161	20190221-057-10x.jpg	0.067	0
1162	20190221-057-10x.jpg	4.332	0
1163	20190221-057-10x.jpg	0.268	0
1164	20190221-057-10x.jpg	0.005	0
1165	20190221-057-10x.jpg	0.836	0
1166	20190221-057-10x.jpg	0.005	0
1167	20190221-057-10x.jpg	0.084	0
1168	20190221-057-10x.jpg	1.629	0
1169	20190221-057-10x.jpg	0.120	0
1170	20190221-057-10x.jpg	0.280	0
1171	20190221-057-10x.jpg	0.290	0
1172	20190221-057-10x.jpg	0.129	0
1173	20190221-057-10x.jpg	0.014	0
1174	20190221-057-10x.jpg	0.204	0
1175	20190221-057-10x.jpg	0.084	0
1176	20190221-057-10x.jpg	0.084	0
1177	20190221-057-10x.jpg	0.050	0
1178	20190221-057-10x.jpg	0.002	0
1179	20190221-057-10x.jpg	0.228	0
1180	20190221-057-10x.jpg	0.084	0
1181	20190221-057-10x.jpg	0.232	0
1182	20190221-057-10x.jpg	0.254	0
1183	20190221-057-10x.jpg	0.127	0
1184	20190221-057-10x.jpg	1.279	0
1185	20190221-057-10x.jpg	0.757	0
1186	20190221-057-10x.jpg	1.033	0
1187	20190221-057-10x.jpg	9.955	0
1188	20190221-057-10x.jpg	0.357	0
1189	20190221-057-10x.jpg	0.060	0
1190	20190221-057-10x.jpg	1.246	0
1191	20190221-057-10x.jpg	0.357	0
1192	20190221-057-10x.jpg	0.113	0
1193	20190221-057-10x.jpg	0.046	0
1194	20190221-057-10x.jpg	1.457	0
1195	20190221-057-10x.jpg	0.036	0
1196	20190221-057-10x.jpg	0.108	0
1197	20190221-057-10x.jpg	0.017	0
1198	20190221-057-10x.jpg	2.827	0
1199	20190221-057-10x.jpg	0.168	0
1200	20190221-057-10x.jpg	0.002	0
1201	20190221-057-10x.jpg	0.012	0
1202	20190221-057-10x.jpg	0.005	0
1203	20190221-057-10x.jpg	0.089	0
1204	20190221-057-10x.jpg	0.692	0
1205	20190221-057-10x.jpg	0.182	0
1206	20190221-057-10x.jpg	0.048	0
1207	20190221-057-10x.jpg	0.304	0
1208	20190221-057-10x.jpg	0.014	0
1209	20190221-057-10x.jpg	0.728	0
1210	20190221-057-10x.jpg	0.002	0
1211	20190221-057-10x.jpg	0.002	0
1212	20190221-057-10x.jpg	11.371	0
1213	20190221-057-10x.jpg	0.048	0
1214	20190221-057-10x.jpg	0.180	0
1215	20190221-057-10x.jpg	0.002	0
1216	20190221-057-10x.jpg	0.022	0
1217	20190221-057-10x.jpg	0.002	0
1218	20190221-057-10x.jpg	0.002	0
1219	20190221-057-10x.jpg	0.400	0
1220	20190221-057-10x.jpg	0.079	0
1221	20190221-057-10x.jpg	0.002	0
1222	20190221-057-10x.jpg	0.002	0
1223	20190221-057-10x.jpg	0.002	0
1224	20190221-057-10x.jpg	0.208	0
1225	20190221-057-10x.jpg	0.012	0
1226	20190221-057-10x.jpg	23.142	0
1227	20190221-057-10x.jpg	0.144	0
1228	20190221-057-10x.jpg	0.017	0
1229	20190221-057-10x.jpg	1.481	0
1230	20190221-057-10x.jpg	0.412	0
1231	20190221-057-10x.jpg	0.264	0
1232	20190221-057-10x.jpg	0.002	0
1233	20190221-057-10x.jpg	0.141	0
1234	20190221-057-10x.jpg	0.204	0
1235	20190221-057-10x.jpg	0.326	0
1236	20190221-057-10x.jpg	0.137	0
1237	20190221-057-10x.jpg	9.270	0
1238	20190221-057-10x.jpg	0.060	0
1239	20190221-057-10x.jpg	0.010	0
1240	20190221-057-10x.jpg	0.225	0
1241	20190221-057-10x.jpg	0.096	0
1242	20190221-057-10x.jpg	0.249	0
1243	20190221-057-10x.jpg	0.290	0
1244	20190221-057-10x.jpg	0.053	0
1245	20190221-057-10x.jpg	0.295	0
1246	20190221-057-10x.jpg	0.002	0
1247	20190221-057-10x.jpg	0.005	0
1248	20190221-057-10x.jpg	0.139	0
1249	20190221-057-10x.jpg	0.062	0
1250	20190221-057-10x.jpg	0.182	0
1251	20190221-057-10x.jpg	0.005	0
1252	20190221-057-10x.jpg	0.005	0
1253	20190221-057-10x.jpg	0.002	0
1254	20190221-057-10x.jpg	0.002	0
1255	20190221-057-10x.jpg	0.002	0
1256	20190221-057-10x.jpg	0.927	0
1257	20190221-057-10x.jpg	0.005	0
1258	20190221-057-10x.jpg	0.002	0
1259	20190221-057-10x.jpg	0.002	0
1260	20190221-057-10x.jpg	0.002	0
1261	20190221-057-10x.jpg	5.103	0
1262	20190221-057-10x.jpg	0.173	0
1263	20190221-057-10x.jpg	0.029	0
1264	20190221-057-10x.jpg	0.110	0
1265	20190221-057-10x.jpg	0.036	0
1266	20190221-057-10x.jpg	0.110	0
1267	20190221-057-10x.jpg	0.609	0
1268	20190221-057-10x.jpg	0.220	0
1269	20190221-057-10x.jpg	0.002	0
1270	20190221-057-10x.jpg	0.144	0
1271	20190221-057-10x.jpg	0.007	0
1272	20190221-057-10x.jpg	0.113	0
1273	20190221-057-10x.jpg	5.077	0
1274	20190221-057-10x.jpg	0.146	0
1275	20190221-057-10x.jpg	0.062	0
1276	20190221-057-10x.jpg	0.005	0
1277	20190221-057-10x.jpg	0.002	0
1278	20190221-057-10x.jpg	0.407	0
1279	20190221-057-10x.jpg	4.809	0
1280	20190221-057-10x.jpg	0.002	0
1281	20190221-057-10x.jpg	0.002	0
1282	20190221-057-10x.jpg	0.733	0
1283	20190221-057-10x.jpg	0.012	0
1284	20190221-057-10x.jpg	0.069	0
1285	20190221-057-10x.jpg	0.125	0
1286	20190221-057-10x.jpg	0.776	0
1287	20190221-057-10x.jpg	0.002	0
1288	20190221-057-10x.jpg	0.005	0
1289	20190221-057-10x.jpg	0.005	0
1290	20190221-057-10x.jpg	0.637	0
1291	20190221-057-10x.jpg	0.791	0
1292	20190221-057-10x.jpg	0.182	0
1293	20190221-057-10x.jpg	0.170	0
1294	20190221-057-10x.jpg	8.879	0
1295	20190221-057-10x.jpg	0.002	0
1296	20190221-057-10x.jpg	12.562	0
1297	20190221-057-10x.jpg	0.060	0
1298	20190221-057-10x.jpg	0.005	0
1299	20190221-057-10x.jpg	0.002	0
1300	20190221-057-10x.jpg	0.086	0
1301	20190221-057-10x.jpg	0.098	0
1302	20190221-057-10x.jpg	0.189	0
1303	20190221-057-10x.jpg	0.656	0
1304	20190221-057-10x.jpg	0.010	0
1305	20190221-057-10x.jpg	0.002	0
1306	20190221-057-10x.jpg	0.017	0
1307	20190221-057-10x.jpg	0.014	0
1308	20190221-057-10x.jpg	0.110	0
1309	20190221-057-10x.jpg	0.002	0
1310	20190221-057-10x.jpg	0.709	0
1311	20190221-057-10x.jpg	0.043	0
1312	20190221-057-10x.jpg	3.381	0
1313	20190221-057-10x.jpg	0.079	0
1314	20190221-057-10x.jpg	0.443	0
1315	20190221-057-10x.jpg	0.005	0
1316	20190221-057-10x.jpg	0.414	0
1317	20190221-057-10x.jpg	3.146	0
1318	20190221-057-10x.jpg	0.005	0
1319	20190221-057-10x.jpg	0.002	0
1320	20190221-057-10x.jpg	0.007	0
1321	20190221-057-10x.jpg	0.005	0
1322	20190221-057-10x.jpg	0.002	0
1323	20190221-057-10x.jpg	3.036	0
1324	20190221-057-10x.jpg	0.002	0
1325	20190221-057-10x.jpg	0.204	0
1326	20190221-057-10x.jpg	0.453	0
1327	20190221-057-10x.jpg	0.002	0
1328	20190221-057-10x.jpg	0.031	0
1329	20190221-057-10x.jpg	14.914	0
1330	20190221-057-10x.jpg	0.041	0
1331	20190221-057-10x.jpg	0.002	0
1332	20190221-057-10x.jpg	0.002	0
1333	20190221-057-10x.jpg	0.122	0
1334	20190221-057-10x.jpg	0.010	0
1335	20190221-057-10x.jpg	0.012	0
1336	20190221-057-10x.jpg	0.005	0
1337	20190221-057-10x.jpg	0.002	0
1338	20190221-057-10x.jpg	0.055	0
1339	20190221-057-10x.jpg	0.010	0
1340	20190221-057-10x.jpg	0.089	0
1341	20190221-057-10x.jpg	1.018	0
1342	20190221-057-10x.jpg	0.010	0
1343	20190221-057-10x.jpg	0.398	0
1344	20190221-057-10x.jpg	0.153	0
1345	20190221-057-10x.jpg	0.220	0
1346	20190221-057-10x.jpg	0.170	0
1347	20190221-057-10x.jpg	0.005	0
1348	20190221-057-10x.jpg	0.002	0
1349	20190221-057-10x.jpg	0.005	0
1350	20190221-057-10x.jpg	2.729	0
1351	20190221-057-10x.jpg	0.520	0
1352	20190221-057-10x.jpg	0.180	0
1353	20190221-057-10x.jpg	1.267	0
1354	20190221-057-10x.jpg	0.010	0
1355	20190221-057-10x.jpg	0.371	0
1356	20190221-057-10x.jpg	1.090	0
1357	20190221-057-10x.jpg	0.014	0
1358	20190221-057-10x.jpg	0.038	0
1359	20190221-057-10x.jpg	0.022	0
1360	20190221-057-10x.jpg	0.002	0
1361	20190221-057-10x.jpg	0.002	0
1362	20190221-057-10x.jpg	0.086	0
1363	20190221-057-10x.jpg	3.064	0
1364	20190221-057-10x.jpg	0.793	0
1365	20190221-057-10x.jpg	0.002	0
1366	20190221-057-10x.jpg	0.005	0
1367	20190221-057-10x.jpg	0.299	0
1368	20190221-057-10x.jpg	7.245	0
1369	20190221-057-10x.jpg	13.307	0
1370	20190221-057-10x.jpg	0.664	0
1371	20190221-057-10x.jpg	0.022	0
1372	20190221-057-10x.jpg	0.002	0
1373	20190221-057-10x.jpg	0.002	0
1374	20190221-057-10x.jpg	1.524	0
1375	20190221-057-10x.jpg	0.002	0
1376	20190221-057-10x.jpg	0.014	0
1377	20190221-057-10x.jpg	0.060	0
1378	20190221-057-10x.jpg	0.007	0
1379	20190221-057-10x.jpg	0.036	0
1380	20190221-057-10x.jpg	7.710	0
1381	20190221-057-10x.jpg	0.002	0
1382	20190221-057-10x.jpg	0.002	0
1383	20190221-057-10x.jpg	0.005	0
1384	20190221-057-10x.jpg	0.942	0
1385	20190221-057-10x.jpg	0.084	0
1386	20190221-057-10x.jpg	0.026	0
1387	20190221-057-10x.jpg	0.002	0
1388	20190221-057-10x.jpg	0.046	0
1389	20190221-057-10x.jpg	1.035	0
1390	20190221-057-10x.jpg	0.002	0
1391	20190221-057-10x.jpg	0.055	0
1392	20190221-057-10x.jpg	6.095	0
1393	20190221-057-10x.jpg	4.940	0
1394	20190221-057-10x.jpg	0.005	0
1395	20190221-057-10x.jpg	0.371	0
1396	20190221-057-10x.jpg	0.400	0
1397	20190221-057-10x.jpg	0.002	0
1398	20190221-057-10x.jpg	1.610	0
1399	20190221-057-10x.jpg	0.326	0
1400	20190221-057-10x.jpg	0.043	0
1401	20190221-057-10x.jpg	0.053	0
1402	20190221-057-10x.jpg	1.701	0
1403	20190221-057-10x.jpg	11.627	0
1404	20190221-057-10x.jpg	14.485	0
1405	20190221-057-10x.jpg	9.787	0
1406	20190221-057-10x.jpg	0.002	0
1407	20190221-057-10x.jpg	0.081	0
1408	20190221-057-10x.jpg	5.120	0
1409	20190221-057-10x.jpg	0.038	0
1410	20190221-057-10x.jpg	0.484	0
1411	20190221-057-10x.jpg	0.053	0
1412	20190221-057-10x.jpg	0.002	0
1413	20190221-057-10x.jpg	0.002	0
1414	20190221-057-10x.jpg	0.851	0
1415	20190221-057-10x.jpg	0.985	0
1416	20190221-057-10x.jpg	0.175	0
1417	20190221-057-10x.jpg	0.012	0
1418	20190221-057-10x.jpg	0.062	0
1419	20190221-057-10x.jpg	0.867	0
1420	20190221-057-10x.jpg	0.002	0
1421	20190221-057-10x.jpg	0.242	0
1422	20190221-057-10x.jpg	0.002	0
1423	20190221-057-10x.jpg	14.447	0
1424	20190221-057-10x.jpg	0.002	0
1425	20190221-057-10x.jpg	0.005	0
1426	20190221-057-10x.jpg	0.005	0
1427	20190221-057-10x.jpg	0.213	0
1428	20190221-057-10x.jpg	0.017	0
1429	20190221-057-10x.jpg	0.352	0
1430	20190221-057-10x.jpg	0.086	0
1431	20190221-057-10x.jpg	0.007	0
1432	20190221-057-10x.jpg	0.002	0
1433	20190221-057-10x.jpg	0.055	0
1434	20190221-057-10x.jpg	0.036	0
1435	20190221-057-10x.jpg	0.043	0
1436	20190221-057-10x.jpg	0.093	0
1437	20190221-057-10x.jpg	0.002	0
1438	20190221-057-10x.jpg	0.077	0
1439	20190221-057-10x.jpg	0.014	0
1440	20190221-057-10x.jpg	0.074	0
1441	20190221-057-10x.jpg	0.002	0
1442	20190221-057-10x.jpg	0.024	0
1443	20190221-057-10x.jpg	0.290	0
1444	20190221-057-10x.jpg	2.084	0
1445	20190221-057-10x.jpg	3.551	0
1446	20190221-057-10x.jpg	12.152	0
1447	20190221-057-10x.jpg	0.038	0
1448	20190221-057-10x.jpg	0.503	0
1449	20190221-057-10x.jpg	0.077	0
1450	20190221-057-10x.jpg	0.002	0
1451	20190221-057-10x.jpg	0.086	0
1452	20190221-057-10x.jpg	0.043	0
1453	20190221-057-10x.jpg	0.637	0
1454	20190221-057-10x.jpg	0.005	0
1455	20190221-057-10x.jpg	0.017	0
1456	20190221-057-10x.jpg	0.069	0
1457	20190221-057-10x.jpg	0.002	0
1458	20190221-057-10x.jpg	0.038	0
1459	20190221-057-10x.jpg	0.228	0
1460	20190221-057-10x.jpg	0.005	0
1461	20190221-057-10x.jpg	0.002	0
1462	20190221-057-10x.jpg	0.002	0
1463	20190221-057-10x.jpg	0.065	0
1464	20190221-057-10x.jpg	0.153	0
1465	20190221-057-10x.jpg	3.476	0
1466	20190221-057-10x.jpg	0.038	0
1467	20190221-057-10x.jpg	0.010	0
1468	20190221-057-10x.jpg	0.002	0
1469	20190221-057-10x.jpg	12.145	0
1470	20190221-057-10x.jpg	0.010	0
1471	20190221-057-10x.jpg	0.014	0
1472	20190221-057-10x.jpg	0.137	0
1473	20190221-057-10x.jpg	0.002	0
1474	20190221-057-10x.jpg	6.339	0
1475	20190221-057-10x.jpg	0.002	0
1476	20190221-057-10x.jpg	0.144	0
1477	20190221-057-10x.jpg	0.002	0
1478	20190221-057-10x.jpg	0.002	0
1479	20190221-057-10x.jpg	6.016	0
1480	20190221-057-10x.jpg	0.074	0
1481	20190221-057-10x.jpg	0.053	0
1482	20190221-057-10x.jpg	2.477	0
1483	20190221-057-10x.jpg	0.182	0
1484	20190221-057-10x.jpg	0.187	0
1485	20190221-057-10x.jpg	0.038	0
1486	20190221-057-10x.jpg	0.565	0
1487	20190221-057-10x.jpg	0.002	0
1488	20190221-057-10x.jpg	0.014	0
1489	20190221-057-10x.jpg	0.165	0
1490	20190221-057-10x.jpg	0.302	0
1491	20190221-057-10x.jpg	0.628	0
1492	20190221-057-10x.jpg	0.901	0
1493	20190221-057-10x.jpg	0.093	0
1494	20190221-057-10x.jpg	0.010	0
1495	20190221-057-10x.jpg	0.002	0
1496	20190221-057-10x.jpg	0.058	0
1497	20190221-057-10x.jpg	0.304	0
1498	20190221-057-10x.jpg	1.744	0
1499	20190221-057-10x.jpg	0.012	0
1500	20190221-057-10x.jpg	0.002	0
1501	20190221-057-10x.jpg	0.326	0
1502	20190221-057-10x.jpg	0.007	0
1503	20190221-057-10x.jpg	0.002	0
1504	20190221-057-10x.jpg	0.019	0
1505	20190221-057-10x.jpg	0.002	0
1506	20190221-057-10x.jpg	0.007	0
1507	20190221-057-10x.jpg	0.098	0
1508	20190221-057-10x.jpg	0.144	0
1509	20190221-057-10x.jpg	0.002	0
1510	20190221-057-10x.jpg	0.256	0
1511	20190221-057-10x.jpg	0.024	0
1512	20190221-057-10x.jpg	0.079	0
1513	20190221-057-10x.jpg	4.983	0
1514	20190221-057-10x.jpg	0.139	0
1515	20190221-057-10x.jpg	1.751	0
1516	20190221-057-10x.jpg	0.249	0
1517	20190221-057-10x.jpg	0.058	0
1518	20190221-057-10x.jpg	0.005	0
1519	20190221-057-10x.jpg	0.029	0
1520	20190221-057-10x.jpg	0.029	0
1521	20190221-057-10x.jpg	0.237	0
1522	20190221-057-10x.jpg	0.002	0
1523	20190221-057-10x.jpg	0.014	0
1524	20190221-057-10x.jpg	3.498	0
1525	20190221-057-10x.jpg	0.002	0
1526	20190221-057-10x.jpg	0.002	0
1527	20190221-057-10x.jpg	0.002	0
1528	20190221-057-10x.jpg	0.017	0
1529	20190221-057-10x.jpg	0.180	0
1530	20190221-057-10x.jpg	0.019	0
1531	20190221-057-10x.jpg	3.448	0
1532	20190221-057-10x.jpg	0.196	0
1533	20190221-057-10x.jpg	0.010	0
1534	20190221-057-10x.jpg	0.012	0
1535	20190221-057-10x.jpg	0.019	0
1536	20190221-057-10x.jpg	0.002	0
1537	20190221-057-10x.jpg	0.007	0
1538	20190221-057-10x.jpg	0.048	0
1539	20190221-057-10x.jpg	0.022	0
1540	20190221-057-10x.jpg	0.002	0
1541	20190221-057-10x.jpg	11.474	0
1542	20190221-057-10x.jpg	0.002	0
1543	20190221-057-10x.jpg	0.002	0
1544	20190221-057-10x.jpg	0.014	0
1545	20190221-057-10x.jpg	0.103	0
1546	20190221-057-10x.jpg	0.585	0
1547	20190221-057-10x.jpg	0.002	0
1548	20190221-057-10x.jpg	0.007	0
1549	20190221-057-10x.jpg	3.754	0
1550	20190221-057-10x.jpg	0.127	0
1551	20190221-057-10x.jpg	0.357	0
1552	20190221-057-10x.jpg	1.275	0
1553	20190221-057-10x.jpg	0.010	0
1554	20190221-057-10x.jpg	0.012	0
1555	20190221-057-10x.jpg	18.005	0
1556	20190221-057-10x.jpg	0.908	0
1557	20190221-057-10x.jpg	0.005	0
1558	20190221-057-10x.jpg	0.002	0
1559	20190221-057-10x.jpg	0.002	0
1560	20190221-057-10x.jpg	0.069	0
1561	20190221-057-10x.jpg	0.002	0
1562	20190221-057-10x.jpg	0.007	0
1563	20190221-057-10x.jpg	0.077	0
1564	20190221-057-10x.jpg	0.002	0
1565	20190221-057-10x.jpg	0.002	0
1566	20190221-057-10x.jpg	0.026	0
1567	20190221-057-10x.jpg	0.002	0
1568	20190221-057-10x.jpg	0.278	0
1569	20190221-057-10x.jpg	0.005	0
1570	20190221-057-10x.jpg	0.022	0
1571	20190221-057-10x.jpg	0.007	0
1572	20190221-057-10x.jpg	0.007	0
1573	20190221-057-10x.jpg	0.014	0
1574	20190221-057-10x.jpg	0.005	0
1575	20190221-057-10x.jpg	0.050	0
1576	20190221-057-10x.jpg	0.403	0
1577	20190221-057-10x.jpg	12.727	0
1578	20190221-057-10x.jpg	0.125	0
1579	20190221-057-10x.jpg	0.012	0
1580	20190221-057-10x.jpg	0.010	0
1581	20190221-057-10x.jpg	8.874	0
1582	20190221-057-10x.jpg	0.141	0
1583	20190221-057-10x.jpg	0.014	0
1584	20190221-057-10x.jpg	0.002	0
1585	20190221-057-10x.jpg	0.017	0
1586	20190221-057-10x.jpg	0.086	0
1587	20190221-057-10x.jpg	0.002	0
1588	20190221-057-10x.jpg	0.002	0
1589	20190221-057-10x.jpg	0.002	0
1590	20190221-057-10x.jpg	0.335	0
1591	20190221-057-10x.jpg	0.002	0
1592	20190221-057-10x.jpg	0.002	0
1593	20190221-057-10x.jpg	0.084	0
1594	20190221-057-10x.jpg	0.031	0
1595	20190221-057-10x.jpg	0.046	0
1596	20190221-057-10x.jpg	0.149	0
1597	20190221-057-10x.jpg	0.017	0
1598	20190221-057-10x.jpg	0.010	0
1599	20190221-057-10x.jpg	0.002	0
1600	20190221-057-10x.jpg	1.984	0
1601	20190221-057-10x.jpg	0.010	0
1602	20190221-057-10x.jpg	0.022	0
1603	20190221-057-10x.jpg	0.163	0
1604	20190221-057-10x.jpg	0.002	0
1605	20190221-057-10x.jpg	0.005	0
1606	20190221-057-10x.jpg	0.002	0
1607	20190221-057-10x.jpg	0.002	0
1608	20190221-057-10x.jpg	0.002	0
1609	20190221-057-10x.jpg	0.017	0
1610	20190221-057-10x.jpg	0.002	0
1611	20190221-057-10x.jpg	0.446	0
1612	20190221-057-10x.jpg	0.017	0
1613	20190221-057-10x.jpg	0.007	0
1614	20190221-057-10x.jpg	0.002	0
1615	20190221-057-10x.jpg	0.017	0
1616	20190221-057-10x.jpg	0.005	0
1617	20190221-057-10x.jpg	0.012	0
1618	20190221-057-10x.jpg	0.002	0
1619	20190221-057-10x.jpg	0.069	0
1620	20190221-057-10x.jpg	0.002	0
1621	20190221-057-10x.jpg	0.002	0
1622	20190221-057-10x.jpg	0.002	0
1623	20190221-057-10x.jpg	0.010	0
1624	20190221-057-10x.jpg	0.065	0
1625	20190221-057-10x.jpg	0.002	0
1626	20190221-057-10x.jpg	0.010	0
1627	20190221-057-10x.jpg	0.002	0
1628	20190221-057-10x.jpg	0.002	0
1629	20190221-057-10x.jpg	0.002	0
1630	20190221-057-10x.jpg	0.446	0
1631	20190221-057-10x.jpg	0.002	0
1632	20190221-057-10x.jpg	0.002	0
1633	20190221-057-10x.jpg	0.017	0
1634	20190221-057-10x.jpg	0.019	0
1635	20190221-057-10x.jpg	0.115	0
1636	20190221-057-10x.jpg	2.137	0
1637	20190221-057-10x.jpg	0.002	0
1638	20190221-057-10x.jpg	0.220	0
1639	20190221-057-10x.jpg	0.089	0
1640	20190221-057-10x.jpg	0.002	0
1641	20190221-057-10x.jpg	0.024	0
1642	20190221-057-10x.jpg	0.014	0
1643	20190221-057-10x.jpg	0.002	0
1644	20190221-057-10x.jpg	0.005	0
1645	20190221-057-10x.jpg	0.007	0
1646	20190221-057-10x.jpg	1.251	0
1647	20190221-057-10x.jpg	0.031	0
1648	20190221-057-10x.jpg	0.005	0
1649	20190221-057-10x.jpg	0.038	0
1650	20190221-057-10x.jpg	0.002	0
1651	20190221-057-10x.jpg	0.022	0
1652	20190221-057-10x.jpg	0.002	0
1653	20190221-057-10x.jpg	0.019	0
1654	20190221-057-10x.jpg	3.709	0
1655	20190221-057-10x.jpg	1.045	0
1656	20190221-057-10x.jpg	0.067	0
1657	20190221-057-10x.jpg	0.019	0
1658	20190221-057-10x.jpg	0.549	0
1659	20190221-057-10x.jpg	0.034	0
1660	20190221-057-10x.jpg	0.002	0
1661	20190221-057-10x.jpg	0.077	0
1662	20190221-057-10x.jpg	0.029	0
1663	20190221-057-10x.jpg	0.024	0
1664	20190221-057-10x.jpg	0.002	0
1665	20190221-057-10x.jpg	0.002	0
1666	20190221-057-10x.jpg	0.002	0
1667	20190221-057-10x.jpg	0.002	0
1668	20190221-057-10x.jpg	0.010	0
1669	20190221-057-10x.jpg	0.007	0
1670	20190221-057-10x.jpg	0.208	0
1671	20190221-057-10x.jpg	0.002	0
1672	20190221-057-10x.jpg	0.002	0
1673	20190221-057-10x.jpg	0.002	0
1674	20190221-057-10x.jpg	0.034	0
1675	20190221-057-10x.jpg	0.002	0
1676	20190221-057-10x.jpg	0.010	0
1677	20190221-057-10x.jpg	0.012	0
1678	20190221-057-10x.jpg	0.736	0
1679	20190221-057-10x.jpg	0.005	0
1680	20190221-057-10x.jpg	0.010	0
1681	20190221-057-10x.jpg	15.405	0
1682	20190221-057-10x.jpg	0.012	0
1683	20190221-057-10x.jpg	0.041	0
1684	20190221-057-10x.jpg	0.005	0
1685	20190221-057-10x.jpg	0.002	0
1686	20190221-057-10x.jpg	0.002	0
1687	20190221-057-10x.jpg	1.318	0
1688	20190221-057-10x.jpg	0.022	0
1689	20190221-057-10x.jpg	0.041	0
1690	20190221-057-10x.jpg	4.974	0
1691	20190221-057-10x.jpg	9.461	0
1692	20190221-057-10x.jpg	0.007	0
1693	20190221-057-10x.jpg	0.017	0
1694	20190221-057-10x.jpg	0.158	0
1695	20190221-057-10x.jpg	0.019	0
1696	20190221-057-10x.jpg	0.005	0
1697	20190221-057-10x.jpg	0.002	0
1698	20190221-057-10x.jpg	0.031	0
1699	20190221-057-10x.jpg	0.062	0
1700	20190221-057-10x.jpg	2.976	0
1701	20190221-057-10x.jpg	0.117	0
1702	20190221-057-10x.jpg	0.002	0
1703	20190221-057-10x.jpg	0.007	0
1704	20190221-057-10x.jpg	0.007	0
1705	20190221-057-10x.jpg	0.024	0
1706	20190221-057-10x.jpg	1.318	0
1707	20190221-057-10x.jpg	0.002	0
1708	20190221-057-10x.jpg	0.024	0
1709	20190221-057-10x.jpg	0.002	0
1710	20190221-057-10x.jpg	0.007	0
1711	20190221-057-10x.jpg	0.010	0
1712	20190221-057-10x.jpg	0.002	0
1713	20190221-057-10x.jpg	0.002	0
1714	20190221-057-10x.jpg	0.024	0
1715	20190221-057-10x.jpg	0.280	0
1716	20190221-057-10x.jpg	0.002	0
1717	20190221-057-10x.jpg	0.002	0
1718	20190221-057-10x.jpg	0.005	0
1719	20190221-057-10x.jpg	0.002	0
1720	20190221-057-10x.jpg	0.002	0
1721	20190221-057-10x.jpg	0.506	0
1722	20190221-057-10x.jpg	0.668	0
1723	20190221-057-10x.jpg	0.175	0
1724	20190221-057-10x.jpg	0.019	0
1725	20190221-057-10x.jpg	0.038	0
1726	20190221-057-10x.jpg	0.069	0
1727	20190221-057-10x.jpg	0.002	0
1728	20190221-057-10x.jpg	0.007	0
1729	20190221-057-10x.jpg	0.002	0
1730	20190221-057-10x.jpg	0.034	0
1731	20190221-057-10x.jpg	0.069	0
1732	20190221-057-10x.jpg	0.002	0
1733	20190221-057-10x.jpg	0.002	0
1734	20190221-057-10x.jpg	0.271	0
1735	20190221-057-10x.jpg	0.069	0
1736	20190221-057-10x.jpg	0.230	0
1737	20190221-057-10x.jpg	0.002	0
1738	20190221-057-10x.jpg	0.213	0
1739	20190221-057-10x.jpg	0.101	0
1740	20190221-057-10x.jpg	0.220	0
1741	20190221-057-10x.jpg	0.007	0
1742	20190221-057-10x.jpg	0.002	0
1743	20190221-057-10x.jpg	0.002	0
1744	20190221-057-10x.jpg	1.732	0
1745	20190221-057-10x.jpg	0.036	0
1746	20190221-057-10x.jpg	0.002	0
1747	20190221-057-10x.jpg	0.038	0
1748	20190221-057-10x.jpg	0.002	0
1749	20190221-057-10x.jpg	0.012	0
1750	20190221-057-10x.jpg	0.371	0
1751	20190221-057-10x.jpg	16.139	0
1752	20190221-057-10x.jpg	0.005	0
1753	20190221-057-10x.jpg	0.321	0
1754	20190221-057-10x.jpg	0.060	0
1755	20190221-057-10x.jpg	0.002	0
1756	20190221-057-10x.jpg	0.002	0
1757	20190221-057-10x.jpg	0.002	0
1758	20190221-057-10x.jpg	0.089	0
1759	20190221-057-10x.jpg	0.002	0
1760	20190221-057-10x.jpg	0.247	0
1761	20190221-057-10x.jpg	0.304	0
1762	20190221-057-10x.jpg	8.357	0
1763	20190221-057-10x.jpg	0.494	0
1764	20190221-057-10x.jpg	0.005	0
1765	20190221-057-10x.jpg	2.499	0
1766	20190221-057-10x.jpg	0.182	0
1767	20190221-057-10x.jpg	0.002	0
1768	20190221-057-10x.jpg	0.034	0
1769	20190221-057-10x.jpg	7.662	0
1770	20190221-057-10x.jpg	0.089	0
1771	20190221-057-10x.jpg	0.002	0
1772	20190221-057-10x.jpg	0.216	0
1773	20190221-057-10x.jpg	0.005	0
1774	20190221-057-10x.jpg	0.556	0
1775	20190221-057-10x.jpg	0.132	0
1776	20190221-057-10x.jpg	0.407	0
1777	20190221-057-10x.jpg	0.580	0
1778	20190221-057-10x.jpg	0.002	0
1779	20190221-057-10x.jpg	0.005	0
1780	20190221-057-10x.jpg	0.002	0
1781	20190221-057-10x.jpg	0.002	0
1782	20190221-057-10x.jpg	0.010	0
1783	20190221-057-10x.jpg	0.297	0
1784	20190221-057-10x.jpg	0.014	0
1785	20190221-057-10x.jpg	0.002	0
1786	20190221-057-10x.jpg	0.005	0
1787	20190221-057-10x.jpg	0.002	0
1788	20190221-057-10x.jpg	0.005	0
1789	20190221-057-10x.jpg	0.005	0
1790	20190221-057-10x.jpg	0.029	0
1791	20190221-057-10x.jpg	0.002	0
1792	20190221-057-10x.jpg	0.036	0
1793	20190221-057-10x.jpg	0.125	0
1794	20190221-057-10x.jpg	0.005	0
1795	20190221-057-10x.jpg	0.007	0
1796	20190221-057-10x.jpg	0.218	0
1797	20190221-057-10x.jpg	0.002	0
1798	20190221-057-10x.jpg	0.002	0
1799	20190221-057-10x.jpg	0.065	0
1800	20190221-057-10x.jpg	0.019	0
1801	20190221-057-10x.jpg	0.592	0
1802	20190221-057-10x.jpg	0.012	0
1803	20190221-057-10x.jpg	0.034	0
1804	20190221-057-10x.jpg	0.002	0
1805	20190221-057-10x.jpg	0.024	0
1806	20190221-057-10x.jpg	0.029	0
1807	20190221-057-10x.jpg	1.416	0
1808	20190221-057-10x.jpg	0.216	0
1809	20190221-057-10x.jpg	0.005	0
1810	20190221-057-10x.jpg	0.216	0
1811	20190221-057-10x.jpg	0.014	0
1812	20190221-057-10x.jpg	0.570	0
1813	20190221-057-10x.jpg	0.010	0
1814	20190221-057-10x.jpg	0.122	0
1815	20190221-057-10x.jpg	0.573	0
1816	20190221-057-10x.jpg	0.014	0
1817	20190221-057-10x.jpg	0.002	0
1818	20190221-057-10x.jpg	0.022	0
1819	20190221-057-10x.jpg	0.163	0
1820	20190221-057-10x.jpg	0.005	0
1821	20190221-057-10x.jpg	6.529	0
1822	20190221-057-10x.jpg	1.797	0
1823	20190221-057-10x.jpg	0.012	0
1824	20190221-057-10x.jpg	0.007	0
1825	20190221-057-10x.jpg	0.010	0
1826	20190221-057-10x.jpg	0.019	0
1827	20190221-057-10x.jpg	2.367	0
1828	20190221-057-10x.jpg	0.031	0
1829	20190221-057-10x.jpg	1.965	0
1830	20190221-057-10x.jpg	0.005	0
1831	20190221-057-10x.jpg	0.002	0
1832	20190221-057-10x.jpg	0.077	0
1833	20190221-057-10x.jpg	0.002	0
1834	20190221-057-10x.jpg	5.302	0
1835	20190221-057-10x.jpg	0.165	0
1836	20190221-057-10x.jpg	0.007	0
1837	20190221-057-10x.jpg	0.002	0
1838	20190221-057-10x.jpg	0.014	0
1839	20190221-057-10x.jpg	0.005	0
1840	20190221-057-10x.jpg	0.005	0
1841	20190221-057-10x.jpg	0.007	0
1842	20190221-057-10x.jpg	0.002	0
1843	20190221-057-10x.jpg	0.014	0
1844	20190221-057-10x.jpg	0.244	0
1845	20190221-057-10x.jpg	0.007	0
1846	20190221-057-10x.jpg	0.017	0
1847	20190221-057-10x.jpg	0.074	0
1848	20190221-057-10x.jpg	0.026	0
1849	20190221-057-10x.jpg	0.010	0
1850	20190221-057-10x.jpg	0.005	0
1851	20190221-057-10x.jpg	0.060	0
1852	20190221-057-10x.jpg	0.010	0
1853	20190221-057-10x.jpg	0.005	0
1854	20190221-057-10x.jpg	1.116	0
1855	20190221-057-10x.jpg	0.041	0
1856	20190221-057-10x.jpg	0.101	0
1857	20190221-057-10x.jpg	0.007	0
1858	20190221-057-10x.jpg	0.002	0
1859	20190221-057-10x.jpg	0.352	0
1860	20190221-057-10x.jpg	0.029	0
1861	20190221-057-10x.jpg	0.232	0
1862	20190221-057-10x.jpg	0.058	0
1863	20190221-057-10x.jpg	0.002	0
1864	20190221-057-10x.jpg	0.005	0
1865	20190221-057-10x.jpg	0.050	0
1866	20190221-057-10x.jpg	0.374	0
1867	20190221-057-10x.jpg	0.002	0
1868	20190221-057-10x.jpg	7.868	0
1869	20190221-057-10x.jpg	0.791	0
1870	20190221-057-10x.jpg	0.199	0
1871	20190221-057-10x.jpg	0.002	0
1872	20190221-057-10x.jpg	0.189	0
1873	20190221-057-10x.jpg	0.007	0
1874	20190221-057-10x.jpg	0.050	0
1875	20190221-057-10x.jpg	0.002	0
1876	20190221-057-10x.jpg	0.007	0
1877	20190221-057-10x.jpg	0.002	0
1878	20190221-057-10x.jpg	0.002	0
1879	20190221-057-10x.jpg	0.256	0
1880	20190221-057-10x.jpg	0.012	0
1881	20190221-057-10x.jpg	0.002	0
1882	20190221-057-10x.jpg	3.613	0
1883	20190221-057-10x.jpg	0.002	0
1884	20190221-057-10x.jpg	0.002	0
1885	20190221-057-10x.jpg	0.010	0
1886	20190221-057-10x.jpg	0.005	0
1887	20190221-057-10x.jpg	0.007	0
1888	20190221-057-10x.jpg	0.163	0
1889	20190221-057-10x.jpg	0.002	0
1890	20190221-057-10x.jpg	2.446	0
1891	20190221-057-10x.jpg	0.055	0
1892	20190221-057-10x.jpg	0.055	0
1893	20190221-057-10x.jpg	0.007	0
1894	20190221-057-10x.jpg	0.002	0
1895	20190221-057-10x.jpg	0.002	0
1896	20190221-057-10x.jpg	0.002	0
1897	20190221-057-10x.jpg	0.002	0
1898	20190221-057-10x.jpg	0.002	0
1899	20190221-057-10x.jpg	0.002	0
1900	20190221-057-10x.jpg	0.043	0
1901	20190221-057-10x.jpg	0.005	0
1902	20190221-057-10x.jpg	0.002	0
1903	20190221-057-10x.jpg	0.213	0
1904	20190221-057-10x.jpg	0.084	0
1905	20190221-057-10x.jpg	0.235	0
1906	20190221-057-10x.jpg	0.002	0
1907	20190221-057-10x.jpg	0.007	0
1908	20190221-057-10x.jpg	0.012	0
1909	20190221-057-10x.jpg	8.944	0
1910	20190221-057-10x.jpg	0.005	0
1911	20190221-057-10x.jpg	0.525	0
1912	20190221-057-10x.jpg	0.002	0
1913	20190221-057-10x.jpg	0.002	0
1914	20190221-057-10x.jpg	0.002	0
1915	20190221-057-10x.jpg	0.671	0
1916	20190221-057-10x.jpg	0.005	0
1917	20190221-057-10x.jpg	0.014	0
1918	20190221-057-10x.jpg	0.081	0
1919	20190221-057-10x.jpg	0.299	0
1920	20190221-057-10x.jpg	0.105	0
1921	20190221-057-10x.jpg	2.247	0
1922	20190221-057-10x.jpg	0.041	0
1923	20190221-057-10x.jpg	0.007	0
1924	20190221-057-10x.jpg	0.002	0
1925	20190221-057-10x.jpg	0.026	0
1926	20190221-057-10x.jpg	0.002	0
1927	20190221-057-10x.jpg	0.002	0
1928	20190221-057-10x.jpg	0.220	0
1929	20190221-057-10x.jpg	0.017	0
1930	20190221-057-10x.jpg	5.113	0
1931	20190221-057-10x.jpg	0.081	0
1932	20190221-057-10x.jpg	0.002	0
1933	20190221-057-10x.jpg	0.014	0
1934	20190221-057-10x.jpg	0.014	0
1935	20190221-057-10x.jpg	0.002	0
1936	20190221-057-10x.jpg	0.165	0
1937	20190221-057-10x.jpg	0.002	0
1938	20190221-057-10x.jpg	0.002	0
1939	20190221-057-10x.jpg	0.002	0
1940	20190221-057-10x.jpg	0.347	0
1941	20190221-057-10x.jpg	2.346	0
1942	20190221-057-10x.jpg	0.002	0
1943	20190221-057-10x.jpg	0.002	0
1944	20190221-057-10x.jpg	0.460	0
1945	20190221-057-10x.jpg	1.354	0
1946	20190221-057-10x.jpg	0.060	0
1947	20190221-057-10x.jpg	0.213	0
1948	20190221-057-10x.jpg	0.005	0
1949	20190221-057-10x.jpg	2.643	0
1950	20190221-057-10x.jpg	19.165	0
1951	20190221-057-10x.jpg	1.313	0
1952	20190221-057-10x.jpg	0.022	0
1953	20190221-057-10x.jpg	1.466	0
1954	20190221-057-10x.jpg	0.024	0
1955	20190221-057-10x.jpg	8.124	0
1956	20190221-057-10x.jpg	0.007	0
1957	20190221-057-10x.jpg	5.997	0
1958	20190221-057-10x.jpg	0.103	0
1959	20190221-057-10x.jpg	0.043	0
1960	20190221-057-10x.jpg	0.007	0
1961	20190221-057-10x.jpg	0.002	0
1962	20190221-057-10x.jpg	0.108	0
1963	20190221-057-10x.jpg	0.002	0
1964	20190221-057-10x.jpg	0.019	0
1965	20190221-057-10x.jpg	0.002	0
1966	20190221-057-10x.jpg	5.805	0
1967	20190221-057-10x.jpg	0.026	0
1968	20190221-057-10x.jpg	0.002	0
1969	20190221-057-10x.jpg	0.038	0
1970	20190221-057-10x.jpg	0.002	0
1971	20190221-057-10x.jpg	0.034	0
1972	20190221-057-10x.jpg	0.002	0
1973	20190221-057-10x.jpg	0.002	0
1974	20190221-057-10x.jpg	0.400	0
1975	20190221-057-10x.jpg	0.002	0
1976	20190221-057-10x.jpg	3.790	0
1977	20190221-057-10x.jpg	7.233	0
1978	20190221-057-10x.jpg	0.024	0
1979	20190221-057-10x.jpg	0.002	0
1980	20190221-057-10x.jpg	0.002	0
1981	20190221-057-10x.jpg	0.002	0
