 	Label	Area	%Area
1	20190123-017-10X_crop.jpg	17297.868	0
2	20190123-017-10X_crop.jpg	2117.621	0
3	20190123-017-10X_crop.jpg	0.002	0
4	20190123-017-10X_crop.jpg	0.115	0
5	20190123-017-10X_crop.jpg	2.245	0
6	20190123-017-10X_crop.jpg	9.104	0
7	20190123-017-10X_crop.jpg	7.643	0
8	20190123-017-10X_crop.jpg	0.034	0
9	20190123-017-10X_crop.jpg	12.751	0
10	20190123-017-10X_crop.jpg	11.469	0
11	20190123-017-10X_crop.jpg	0.017	0
12	20190123-017-10X_crop.jpg	0.002	0
13	20190123-017-10X_crop.jpg	0.007	0
14	20190123-017-10X_crop.jpg	0.038	0
15	20190123-017-10X_crop.jpg	0.065	0
16	20190123-017-10X_crop.jpg	3.702	0
17	20190123-017-10X_crop.jpg	0.002	0
18	20190123-017-10X_crop.jpg	9.191	0
19	20190123-017-10X_crop.jpg	0.007	0
20	20190123-017-10X_crop.jpg	20.152	0
21	20190123-017-10X_crop.jpg	9.758	0
22	20190123-017-10X_crop.jpg	0.120	0
23	20190123-017-10X_crop.jpg	0.036	0
24	20190123-017-10X_crop.jpg	0.048	0
25	20190123-017-10X_crop.jpg	10.511	0
26	20190123-017-10X_crop.jpg	5.039	0
27	20190123-017-10X_crop.jpg	0.053	0
28	20190123-017-10X_crop.jpg	0.891	0
29	20190123-017-10X_crop.jpg	0.002	0
30	20190123-017-10X_crop.jpg	2.657	0
31	20190123-017-10X_crop.jpg	0.002	0
32	20190123-017-10X_crop.jpg	0.002	0
33	20190123-017-10X_crop.jpg	3.587	0
34	20190123-017-10X_crop.jpg	0.002	0
35	20190123-017-10X_crop.jpg	0.199	0
36	20190123-017-10X_crop.jpg	10.518	0
37	20190123-017-10X_crop.jpg	3.740	0
38	20190123-017-10X_crop.jpg	8.757	0
39	20190123-017-10X_crop.jpg	0.002	0
40	20190123-017-10X_crop.jpg	8.819	0
41	20190123-017-10X_crop.jpg	0.002	0
42	20190123-017-10X_crop.jpg	0.002	0
43	20190123-017-10X_crop.jpg	0.144	0
44	20190123-017-10X_crop.jpg	0.012	0
45	20190123-017-10X_crop.jpg	0.036	0
46	20190123-017-10X_crop.jpg	0.141	0
47	20190123-017-10X_crop.jpg	1.270	0
48	20190123-017-10X_crop.jpg	0.079	0
49	20190123-017-10X_crop.jpg	0.010	0
50	20190123-017-10X_crop.jpg	0.007	0
51	20190123-017-10X_crop.jpg	0.002	0
52	20190123-017-10X_crop.jpg	0.005	0
53	20190123-017-10X_crop.jpg	0.750	0
54	20190123-017-10X_crop.jpg	0.002	0
55	20190123-017-10X_crop.jpg	0.079	0
56	20190123-017-10X_crop.jpg	9.562	0
57	20190123-017-10X_crop.jpg	0.434	0
58	20190123-017-10X_crop.jpg	18.994	0
59	20190123-017-10X_crop.jpg	0.096	0
60	20190123-017-10X_crop.jpg	0.002	0
61	20190123-017-10X_crop.jpg	9.794	0
62	20190123-017-10X_crop.jpg	0.043	0
63	20190123-017-10X_crop.jpg	0.194	0
64	20190123-017-10X_crop.jpg	0.062	0
65	20190123-017-10X_crop.jpg	0.002	0
66	20190123-017-10X_crop.jpg	0.240	0
67	20190123-017-10X_crop.jpg	1.215	0
68	20190123-017-10X_crop.jpg	0.012	0
69	20190123-017-10X_crop.jpg	3.821	0
70	20190123-017-10X_crop.jpg	0.153	0
71	20190123-017-10X_crop.jpg	0.053	0
72	20190123-017-10X_crop.jpg	0.824	0
73	20190123-017-10X_crop.jpg	0.053	0
74	20190123-017-10X_crop.jpg	0.002	0
75	20190123-017-10X_crop.jpg	5.793	0
76	20190123-017-10X_crop.jpg	0.005	0
77	20190123-017-10X_crop.jpg	0.002	0
78	20190123-017-10X_crop.jpg	0.050	0
79	20190123-017-10X_crop.jpg	20.202	0
80	20190123-017-10X_crop.jpg	3.043	0
81	20190123-017-10X_crop.jpg	0.529	0
82	20190123-017-10X_crop.jpg	0.017	0
83	20190123-017-10X_crop.jpg	0.002	0
84	20190123-017-10X_crop.jpg	0.007	0
85	20190123-017-10X_crop.jpg	0.024	0
86	20190123-017-10X_crop.jpg	0.206	0
87	20190123-017-10X_crop.jpg	0.041	0
88	20190123-017-10X_crop.jpg	0.079	0
89	20190123-017-10X_crop.jpg	0.002	0
90	20190123-017-10X_crop.jpg	0.594	0
91	20190123-017-10X_crop.jpg	12.135	0
92	20190123-017-10X_crop.jpg	0.208	0
93	20190123-017-10X_crop.jpg	0.089	0
94	20190123-017-10X_crop.jpg	0.041	0
95	20190123-017-10X_crop.jpg	0.002	0
96	20190123-017-10X_crop.jpg	0.005	0
97	20190123-017-10X_crop.jpg	0.038	0
98	20190123-017-10X_crop.jpg	0.002	0
99	20190123-017-10X_crop.jpg	0.165	0
100	20190123-017-10X_crop.jpg	0.062	0
101	20190123-017-10X_crop.jpg	0.086	0
102	20190123-017-10X_crop.jpg	0.002	0
103	20190123-017-10X_crop.jpg	0.002	0
104	20190123-017-10X_crop.jpg	0.139	0
105	20190123-017-10X_crop.jpg	0.331	0
106	20190123-017-10X_crop.jpg	11.618	0
107	20190123-017-10X_crop.jpg	0.053	0
108	20190123-017-10X_crop.jpg	0.108	0
109	20190123-017-10X_crop.jpg	0.007	0
110	20190123-017-10X_crop.jpg	0.005	0
111	20190123-017-10X_crop.jpg	0.002	0
112	20190123-017-10X_crop.jpg	0.002	0
113	20190123-017-10X_crop.jpg	0.014	0
114	20190123-017-10X_crop.jpg	0.010	0
115	20190123-017-10X_crop.jpg	0.010	0
116	20190123-017-10X_crop.jpg	0.007	0
117	20190123-017-10X_crop.jpg	0.007	0
118	20190123-017-10X_crop.jpg	0.019	0
119	20190123-017-10X_crop.jpg	0.101	0
120	20190123-017-10X_crop.jpg	12.552	0
121	20190123-017-10X_crop.jpg	0.048	0
122	20190123-017-10X_crop.jpg	0.549	0
123	20190123-017-10X_crop.jpg	0.101	0
124	20190123-017-10X_crop.jpg	0.860	0
125	20190123-017-10X_crop.jpg	2.614	0
126	20190123-017-10X_crop.jpg	0.194	0
127	20190123-017-10X_crop.jpg	0.029	0
128	20190123-017-10X_crop.jpg	0.002	0
129	20190123-017-10X_crop.jpg	0.719	0
130	20190123-017-10X_crop.jpg	0.422	0
131	20190123-017-10X_crop.jpg	0.029	0
132	20190123-017-10X_crop.jpg	0.208	0
133	20190123-017-10X_crop.jpg	11.807	0
134	20190123-017-10X_crop.jpg	0.685	0
135	20190123-017-10X_crop.jpg	8.493	0
136	20190123-017-10X_crop.jpg	1.181	0
137	20190123-017-10X_crop.jpg	0.105	0
138	20190123-017-10X_crop.jpg	0.022	0
139	20190123-017-10X_crop.jpg	16.785	0
140	20190123-017-10X_crop.jpg	0.002	0
141	20190123-017-10X_crop.jpg	0.568	0
142	20190123-017-10X_crop.jpg	0.024	0
143	20190123-017-10X_crop.jpg	0.134	0
144	20190123-017-10X_crop.jpg	4.178	0
145	20190123-017-10X_crop.jpg	0.002	0
146	20190123-017-10X_crop.jpg	0.034	0
147	20190123-017-10X_crop.jpg	0.002	0
148	20190123-017-10X_crop.jpg	0.065	0
149	20190123-017-10X_crop.jpg	0.093	0
150	20190123-017-10X_crop.jpg	0.062	0
151	20190123-017-10X_crop.jpg	0.002	0
152	20190123-017-10X_crop.jpg	0.022	0
153	20190123-017-10X_crop.jpg	0.017	0
154	20190123-017-10X_crop.jpg	0.026	0
155	20190123-017-10X_crop.jpg	0.196	0
156	20190123-017-10X_crop.jpg	0.002	0
157	20190123-017-10X_crop.jpg	0.002	0
158	20190123-017-10X_crop.jpg	5.539	0
159	20190123-017-10X_crop.jpg	0.007	0
160	20190123-017-10X_crop.jpg	2.398	0
161	20190123-017-10X_crop.jpg	0.812	0
162	20190123-017-10X_crop.jpg	0.168	0
163	20190123-017-10X_crop.jpg	0.077	0
164	20190123-017-10X_crop.jpg	0.012	0
165	20190123-017-10X_crop.jpg	0.060	0
166	20190123-017-10X_crop.jpg	0.012	0
167	20190123-017-10X_crop.jpg	1.246	0
168	20190123-017-10X_crop.jpg	0.268	0
169	20190123-017-10X_crop.jpg	0.151	0
170	20190123-017-10X_crop.jpg	5.875	0
171	20190123-017-10X_crop.jpg	0.022	0
172	20190123-017-10X_crop.jpg	0.019	0
173	20190123-017-10X_crop.jpg	10.995	0
174	20190123-017-10X_crop.jpg	0.010	0
175	20190123-017-10X_crop.jpg	0.738	0
176	20190123-017-10X_crop.jpg	0.081	0
177	20190123-017-10X_crop.jpg	0.005	0
178	20190123-017-10X_crop.jpg	0.026	0
179	20190123-017-10X_crop.jpg	0.158	0
180	20190123-017-10X_crop.jpg	0.292	0
181	20190123-017-10X_crop.jpg	15.573	0
182	20190123-017-10X_crop.jpg	0.024	0
183	20190123-017-10X_crop.jpg	0.007	0
184	20190123-017-10X_crop.jpg	0.345	0
185	20190123-017-10X_crop.jpg	0.803	0
186	20190123-017-10X_crop.jpg	0.007	0
187	20190123-017-10X_crop.jpg	0.824	0
188	20190123-017-10X_crop.jpg	1.152	0
189	20190123-017-10X_crop.jpg	0.002	0
190	20190123-017-10X_crop.jpg	0.012	0
191	20190123-017-10X_crop.jpg	0.005	0
192	20190123-017-10X_crop.jpg	0.005	0
193	20190123-017-10X_crop.jpg	0.005	0
194	20190123-017-10X_crop.jpg	0.005	0
195	20190123-017-10X_crop.jpg	0.065	0
196	20190123-017-10X_crop.jpg	11.943	0
197	20190123-017-10X_crop.jpg	0.014	0
198	20190123-017-10X_crop.jpg	0.026	0
199	20190123-017-10X_crop.jpg	0.067	0
200	20190123-017-10X_crop.jpg	0.002	0
201	20190123-017-10X_crop.jpg	0.019	0
202	20190123-017-10X_crop.jpg	0.014	0
203	20190123-017-10X_crop.jpg	0.010	0
204	20190123-017-10X_crop.jpg	0.026	0
205	20190123-017-10X_crop.jpg	0.007	0
206	20190123-017-10X_crop.jpg	0.424	0
207	20190123-017-10X_crop.jpg	0.096	0
208	20190123-017-10X_crop.jpg	0.002	0
209	20190123-017-10X_crop.jpg	0.007	0
210	20190123-017-10X_crop.jpg	0.014	0
211	20190123-017-10X_crop.jpg	0.012	0
212	20190123-017-10X_crop.jpg	8.280	0
213	20190123-017-10X_crop.jpg	0.482	0
214	20190123-017-10X_crop.jpg	0.053	0
215	20190123-017-10X_crop.jpg	0.005	0
216	20190123-017-10X_crop.jpg	0.081	0
217	20190123-017-10X_crop.jpg	0.007	0
218	20190123-017-10X_crop.jpg	0.019	0
219	20190123-017-10X_crop.jpg	0.014	0
220	20190123-017-10X_crop.jpg	0.007	0
221	20190123-017-10X_crop.jpg	0.005	0
222	20190123-017-10X_crop.jpg	11.931	0
223	20190123-017-10X_crop.jpg	0.005	0
224	20190123-017-10X_crop.jpg	1.109	0
225	20190123-017-10X_crop.jpg	3.045	0
226	20190123-017-10X_crop.jpg	0.026	0
227	20190123-017-10X_crop.jpg	2.611	0
228	20190123-017-10X_crop.jpg	0.012	0
229	20190123-017-10X_crop.jpg	1.030	0
230	20190123-017-10X_crop.jpg	0.002	0
231	20190123-017-10X_crop.jpg	8.062	0
232	20190123-017-10X_crop.jpg	0.014	0
233	20190123-017-10X_crop.jpg	0.146	0
234	20190123-017-10X_crop.jpg	0.680	0
235	20190123-017-10X_crop.jpg	0.750	0
236	20190123-017-10X_crop.jpg	11.090	0
237	20190123-017-10X_crop.jpg	0.002	0
238	20190123-017-10X_crop.jpg	0.077	0
239	20190123-017-10X_crop.jpg	0.046	0
240	20190123-017-10X_crop.jpg	0.002	0
241	20190123-017-10X_crop.jpg	0.256	0
242	20190123-017-10X_crop.jpg	3.194	0
243	20190123-017-10X_crop.jpg	0.014	0
244	20190123-017-10X_crop.jpg	0.882	0
245	20190123-017-10X_crop.jpg	0.644	0
246	20190123-017-10X_crop.jpg	0.002	0
247	20190123-017-10X_crop.jpg	3.960	0
248	20190123-017-10X_crop.jpg	0.002	0
249	20190123-017-10X_crop.jpg	7.636	0
250	20190123-017-10X_crop.jpg	3.963	0
251	20190123-017-10X_crop.jpg	0.026	0
252	20190123-017-10X_crop.jpg	0.024	0
253	20190123-017-10X_crop.jpg	12.054	0
254	20190123-017-10X_crop.jpg	0.002	0
255	20190123-017-10X_crop.jpg	0.002	0
256	20190123-017-10X_crop.jpg	0.010	0
257	20190123-017-10X_crop.jpg	0.096	0
258	20190123-017-10X_crop.jpg	0.034	0
259	20190123-017-10X_crop.jpg	0.189	0
260	20190123-017-10X_crop.jpg	0.247	0
261	20190123-017-10X_crop.jpg	0.340	0
262	20190123-017-10X_crop.jpg	8.098	0
263	20190123-017-10X_crop.jpg	0.264	0
264	20190123-017-10X_crop.jpg	0.005	0
265	20190123-017-10X_crop.jpg	0.077	0
266	20190123-017-10X_crop.jpg	0.002	0
267	20190123-017-10X_crop.jpg	0.194	0
268	20190123-017-10X_crop.jpg	4.832	0
269	20190123-017-10X_crop.jpg	0.489	0
270	20190123-017-10X_crop.jpg	0.031	0
271	20190123-017-10X_crop.jpg	0.012	0
272	20190123-017-10X_crop.jpg	0.007	0
273	20190123-017-10X_crop.jpg	0.096	0
274	20190123-017-10X_crop.jpg	0.002	0
275	20190123-017-10X_crop.jpg	16.146	0
276	20190123-017-10X_crop.jpg	0.005	0
277	20190123-017-10X_crop.jpg	0.007	0
278	20190123-017-10X_crop.jpg	0.019	0
279	20190123-017-10X_crop.jpg	0.846	0
280	20190123-017-10X_crop.jpg	20.132	0
281	20190123-017-10X_crop.jpg	0.089	0
282	20190123-017-10X_crop.jpg	4.785	0
283	20190123-017-10X_crop.jpg	0.165	0
284	20190123-017-10X_crop.jpg	0.125	0
285	20190123-017-10X_crop.jpg	0.043	0
286	20190123-017-10X_crop.jpg	0.002	0
287	20190123-017-10X_crop.jpg	2.530	0
288	20190123-017-10X_crop.jpg	0.019	0
289	20190123-017-10X_crop.jpg	11.064	0
290	20190123-017-10X_crop.jpg	0.005	0
291	20190123-017-10X_crop.jpg	0.103	0
292	20190123-017-10X_crop.jpg	0.022	0
293	20190123-017-10X_crop.jpg	0.002	0
294	20190123-017-10X_crop.jpg	0.019	0
295	20190123-017-10X_crop.jpg	0.038	0
296	20190123-017-10X_crop.jpg	0.017	0
297	20190123-017-10X_crop.jpg	0.010	0
298	20190123-017-10X_crop.jpg	0.007	0
299	20190123-017-10X_crop.jpg	16.313	0
300	20190123-017-10X_crop.jpg	0.007	0
301	20190123-017-10X_crop.jpg	0.072	0
302	20190123-017-10X_crop.jpg	0.041	0
303	20190123-017-10X_crop.jpg	0.127	0
304	20190123-017-10X_crop.jpg	3.996	0
305	20190123-017-10X_crop.jpg	0.026	0
306	20190123-017-10X_crop.jpg	5.671	0
307	20190123-017-10X_crop.jpg	0.010	0
308	20190123-017-10X_crop.jpg	0.228	0
309	20190123-017-10X_crop.jpg	0.026	0
310	20190123-017-10X_crop.jpg	0.002	0
311	20190123-017-10X_crop.jpg	0.012	0
312	20190123-017-10X_crop.jpg	0.034	0
313	20190123-017-10X_crop.jpg	0.249	0
314	20190123-017-10X_crop.jpg	0.853	0
315	20190123-017-10X_crop.jpg	0.089	0
316	20190123-017-10X_crop.jpg	12.789	0
317	20190123-017-10X_crop.jpg	0.002	0
318	20190123-017-10X_crop.jpg	0.908	0
319	20190123-017-10X_crop.jpg	0.422	0
320	20190123-017-10X_crop.jpg	0.065	0
321	20190123-017-10X_crop.jpg	4.205	0
322	20190123-017-10X_crop.jpg	0.093	0
323	20190123-017-10X_crop.jpg	0.034	0
324	20190123-017-10X_crop.jpg	0.077	0
325	20190123-017-10X_crop.jpg	0.007	0
326	20190123-017-10X_crop.jpg	0.002	0
327	20190123-017-10X_crop.jpg	0.139	0
328	20190123-017-10X_crop.jpg	0.268	0
329	20190123-017-10X_crop.jpg	0.062	0
330	20190123-017-10X_crop.jpg	0.012	0
331	20190123-017-10X_crop.jpg	0.034	0
332	20190123-017-10X_crop.jpg	0.738	0
333	20190123-017-10X_crop.jpg	0.585	0
334	20190123-017-10X_crop.jpg	0.014	0
335	20190123-017-10X_crop.jpg	0.031	0
336	20190123-017-10X_crop.jpg	2.053	0
337	20190123-017-10X_crop.jpg	14.926	0
338	20190123-017-10X_crop.jpg	0.007	0
339	20190123-017-10X_crop.jpg	0.002	0
340	20190123-017-10X_crop.jpg	0.048	0
341	20190123-017-10X_crop.jpg	0.024	0
342	20190123-017-10X_crop.jpg	0.038	0
343	20190123-017-10X_crop.jpg	0.656	0
344	20190123-017-10X_crop.jpg	0.010	0
345	20190123-017-10X_crop.jpg	0.034	0
346	20190123-017-10X_crop.jpg	0.002	0
347	20190123-017-10X_crop.jpg	0.010	0
348	20190123-017-10X_crop.jpg	0.002	0
349	20190123-017-10X_crop.jpg	0.007	0
350	20190123-017-10X_crop.jpg	0.002	0
351	20190123-017-10X_crop.jpg	0.062	0
352	20190123-017-10X_crop.jpg	0.002	0
353	20190123-017-10X_crop.jpg	6.138	0
354	20190123-017-10X_crop.jpg	0.532	0
355	20190123-017-10X_crop.jpg	0.103	0
356	20190123-017-10X_crop.jpg	0.292	0
357	20190123-017-10X_crop.jpg	0.086	0
358	20190123-017-10X_crop.jpg	1.464	0
359	20190123-017-10X_crop.jpg	0.034	0
360	20190123-017-10X_crop.jpg	0.034	0
361	20190123-017-10X_crop.jpg	12.243	0
362	20190123-017-10X_crop.jpg	0.173	0
363	20190123-017-10X_crop.jpg	1.945	0
364	20190123-017-10X_crop.jpg	0.002	0
365	20190123-017-10X_crop.jpg	7.549	0
366	20190123-017-10X_crop.jpg	0.005	0
367	20190123-017-10X_crop.jpg	3.127	0
368	20190123-017-10X_crop.jpg	0.024	0
369	20190123-017-10X_crop.jpg	0.019	0
370	20190123-017-10X_crop.jpg	0.012	0
371	20190123-017-10X_crop.jpg	0.072	0
372	20190123-017-10X_crop.jpg	0.022	0
373	20190123-017-10X_crop.jpg	0.017	0
374	20190123-017-10X_crop.jpg	7.173	0
375	20190123-017-10X_crop.jpg	0.017	0
376	20190123-017-10X_crop.jpg	0.014	0
377	20190123-017-10X_crop.jpg	3.287	0
378	20190123-017-10X_crop.jpg	0.101	0
379	20190123-017-10X_crop.jpg	0.029	0
380	20190123-017-10X_crop.jpg	0.115	0
381	20190123-017-10X_crop.jpg	0.002	0
382	20190123-017-10X_crop.jpg	0.005	0
383	20190123-017-10X_crop.jpg	0.182	0
384	20190123-017-10X_crop.jpg	0.002	0
385	20190123-017-10X_crop.jpg	0.024	0
386	20190123-017-10X_crop.jpg	0.010	0
387	20190123-017-10X_crop.jpg	0.002	0
388	20190123-017-10X_crop.jpg	0.046	0
389	20190123-017-10X_crop.jpg	0.053	0
390	20190123-017-10X_crop.jpg	0.005	0
391	20190123-017-10X_crop.jpg	0.019	0
392	20190123-017-10X_crop.jpg	0.125	0
393	20190123-017-10X_crop.jpg	0.038	0
394	20190123-017-10X_crop.jpg	2.801	0
395	20190123-017-10X_crop.jpg	0.014	0
396	20190123-017-10X_crop.jpg	0.146	0
397	20190123-017-10X_crop.jpg	0.019	0
398	20190123-017-10X_crop.jpg	0.038	0
399	20190123-017-10X_crop.jpg	0.007	0
400	20190123-017-10X_crop.jpg	0.019	0
401	20190123-017-10X_crop.jpg	0.029	0
402	20190123-017-10X_crop.jpg	0.937	0
403	20190123-017-10X_crop.jpg	0.002	0
404	20190123-017-10X_crop.jpg	0.022	0
405	20190123-017-10X_crop.jpg	0.002	0
406	20190123-017-10X_crop.jpg	0.017	0
407	20190123-017-10X_crop.jpg	0.034	0
408	20190123-017-10X_crop.jpg	14.263	0
409	20190123-017-10X_crop.jpg	0.089	0
410	20190123-017-10X_crop.jpg	0.618	0
411	20190123-017-10X_crop.jpg	0.074	0
412	20190123-017-10X_crop.jpg	0.055	0
413	20190123-017-10X_crop.jpg	0.007	0
414	20190123-017-10X_crop.jpg	0.132	0
415	20190123-017-10X_crop.jpg	0.002	0
416	20190123-017-10X_crop.jpg	0.007	0
417	20190123-017-10X_crop.jpg	0.553	0
418	20190123-017-10X_crop.jpg	0.002	0
419	20190123-017-10X_crop.jpg	0.019	0
420	20190123-017-10X_crop.jpg	0.108	0
421	20190123-017-10X_crop.jpg	0.002	0
422	20190123-017-10X_crop.jpg	0.024	0
423	20190123-017-10X_crop.jpg	3.675	0
424	20190123-017-10X_crop.jpg	0.060	0
425	20190123-017-10X_crop.jpg	0.012	0
426	20190123-017-10X_crop.jpg	0.319	0
427	20190123-017-10X_crop.jpg	0.759	0
428	20190123-017-10X_crop.jpg	0.026	0
429	20190123-017-10X_crop.jpg	0.062	0
430	20190123-017-10X_crop.jpg	0.002	0
431	20190123-017-10X_crop.jpg	0.060	0
432	20190123-017-10X_crop.jpg	21.206	0
433	20190123-017-10X_crop.jpg	0.026	0
434	20190123-017-10X_crop.jpg	0.002	0
435	20190123-017-10X_crop.jpg	0.012	0
436	20190123-017-10X_crop.jpg	0.046	0
437	20190123-017-10X_crop.jpg	0.007	0
438	20190123-017-10X_crop.jpg	0.014	0
439	20190123-017-10X_crop.jpg	0.194	0
440	20190123-017-10X_crop.jpg	0.002	0
441	20190123-017-10X_crop.jpg	0.002	0
442	20190123-017-10X_crop.jpg	0.026	0
443	20190123-017-10X_crop.jpg	0.002	0
444	20190123-017-10X_crop.jpg	0.103	0
445	20190123-017-10X_crop.jpg	0.067	0
446	20190123-017-10X_crop.jpg	0.026	0
447	20190123-017-10X_crop.jpg	1.907	0
448	20190123-017-10X_crop.jpg	0.007	0
449	20190123-017-10X_crop.jpg	0.007	0
450	20190123-017-10X_crop.jpg	0.017	0
451	20190123-017-10X_crop.jpg	0.002	0
452	20190123-017-10X_crop.jpg	12.224	0
453	20190123-017-10X_crop.jpg	0.036	0
454	20190123-017-10X_crop.jpg	0.012	0
455	20190123-017-10X_crop.jpg	1.723	0
456	20190123-017-10X_crop.jpg	0.007	0
457	20190123-017-10X_crop.jpg	0.086	0
458	20190123-017-10X_crop.jpg	0.412	0
459	20190123-017-10X_crop.jpg	0.043	0
460	20190123-017-10X_crop.jpg	0.194	0
461	20190123-017-10X_crop.jpg	0.026	0
462	20190123-017-10X_crop.jpg	12.895	0
463	20190123-017-10X_crop.jpg	0.007	0
464	20190123-017-10X_crop.jpg	0.038	0
465	20190123-017-10X_crop.jpg	0.714	0
466	20190123-017-10X_crop.jpg	0.022	0
467	20190123-017-10X_crop.jpg	0.002	0
468	20190123-017-10X_crop.jpg	0.149	0
469	20190123-017-10X_crop.jpg	0.441	0
470	20190123-017-10X_crop.jpg	0.161	0
471	20190123-017-10X_crop.jpg	0.132	0
472	20190123-017-10X_crop.jpg	6.114	0
473	20190123-017-10X_crop.jpg	0.022	0
474	20190123-017-10X_crop.jpg	1.208	0
475	20190123-017-10X_crop.jpg	0.038	0
476	20190123-017-10X_crop.jpg	0.005	0
477	20190123-017-10X_crop.jpg	0.053	0
478	20190123-017-10X_crop.jpg	1.464	0
479	20190123-017-10X_crop.jpg	14.833	0
480	20190123-017-10X_crop.jpg	0.005	0
481	20190123-017-10X_crop.jpg	5.336	0
482	20190123-017-10X_crop.jpg	0.017	0
483	20190123-017-10X_crop.jpg	0.266	0
484	20190123-017-10X_crop.jpg	0.005	0
485	20190123-017-10X_crop.jpg	8.683	0
486	20190123-017-10X_crop.jpg	16.666	0
487	20190123-017-10X_crop.jpg	0.007	0
488	20190123-017-10X_crop.jpg	1.380	0
489	20190123-017-10X_crop.jpg	0.024	0
490	20190123-017-10X_crop.jpg	0.261	0
491	20190123-017-10X_crop.jpg	0.053	0
492	20190123-017-10X_crop.jpg	0.002	0
493	20190123-017-10X_crop.jpg	0.022	0
494	20190123-017-10X_crop.jpg	0.062	0
495	20190123-017-10X_crop.jpg	4.612	0
496	20190123-017-10X_crop.jpg	0.010	0
497	20190123-017-10X_crop.jpg	0.105	0
498	20190123-017-10X_crop.jpg	1.217	0
499	20190123-017-10X_crop.jpg	0.026	0
500	20190123-017-10X_crop.jpg	15.065	0
501	20190123-017-10X_crop.jpg	0.019	0
502	20190123-017-10X_crop.jpg	12.835	0
503	20190123-017-10X_crop.jpg	1.311	0
504	20190123-017-10X_crop.jpg	0.069	0
505	20190123-017-10X_crop.jpg	0.002	0
506	20190123-017-10X_crop.jpg	0.012	0
507	20190123-017-10X_crop.jpg	0.038	0
508	20190123-017-10X_crop.jpg	0.177	0
509	20190123-017-10X_crop.jpg	1.438	0
510	20190123-017-10X_crop.jpg	0.206	0
511	20190123-017-10X_crop.jpg	0.002	0
512	20190123-017-10X_crop.jpg	0.187	0
513	20190123-017-10X_crop.jpg	0.664	0
514	20190123-017-10X_crop.jpg	0.010	0
515	20190123-017-10X_crop.jpg	0.208	0
516	20190123-017-10X_crop.jpg	0.024	0
517	20190123-017-10X_crop.jpg	7.808	0
518	20190123-017-10X_crop.jpg	0.007	0
519	20190123-017-10X_crop.jpg	0.010	0
520	20190123-017-10X_crop.jpg	0.019	0
521	20190123-017-10X_crop.jpg	0.005	0
522	20190123-017-10X_crop.jpg	0.002	0
523	20190123-017-10X_crop.jpg	1.931	0
524	20190123-017-10X_crop.jpg	0.002	0
525	20190123-017-10X_crop.jpg	0.007	0
526	20190123-017-10X_crop.jpg	0.098	0
527	20190123-017-10X_crop.jpg	0.019	0
528	20190123-017-10X_crop.jpg	0.038	0
529	20190123-017-10X_crop.jpg	0.012	0
530	20190123-017-10X_crop.jpg	0.029	0
531	20190123-017-10X_crop.jpg	0.108	0
532	20190123-017-10X_crop.jpg	0.503	0
533	20190123-017-10X_crop.jpg	0.086	0
534	20190123-017-10X_crop.jpg	0.081	0
535	20190123-017-10X_crop.jpg	0.002	0
536	20190123-017-10X_crop.jpg	0.108	0
537	20190123-017-10X_crop.jpg	0.002	0
538	20190123-017-10X_crop.jpg	0.077	0
539	20190123-017-10X_crop.jpg	0.002	0
540	20190123-017-10X_crop.jpg	0.942	0
541	20190123-017-10X_crop.jpg	0.010	0
542	20190123-017-10X_crop.jpg	0.053	0
543	20190123-017-10X_crop.jpg	0.007	0
544	20190123-017-10X_crop.jpg	0.014	0
545	20190123-017-10X_crop.jpg	0.060	0
546	20190123-017-10X_crop.jpg	0.058	0
547	20190123-017-10X_crop.jpg	0.053	0
548	20190123-017-10X_crop.jpg	0.005	0
549	20190123-017-10X_crop.jpg	1.308	0
550	20190123-017-10X_crop.jpg	1.090	0
551	20190123-017-10X_crop.jpg	1.493	0
552	20190123-017-10X_crop.jpg	0.046	0
553	20190123-017-10X_crop.jpg	0.019	0
554	20190123-017-10X_crop.jpg	0.002	0
555	20190123-017-10X_crop.jpg	0.077	0
556	20190123-017-10X_crop.jpg	0.026	0
557	20190123-017-10X_crop.jpg	0.134	0
558	20190123-017-10X_crop.jpg	0.002	0
559	20190123-017-10X_crop.jpg	0.026	0
560	20190123-017-10X_crop.jpg	0.002	0
561	20190123-017-10X_crop.jpg	4.523	0
562	20190123-017-10X_crop.jpg	0.343	0
563	20190123-017-10X_crop.jpg	0.005	0
564	20190123-017-10X_crop.jpg	0.038	0
565	20190123-017-10X_crop.jpg	0.034	0
566	20190123-017-10X_crop.jpg	0.005	0
567	20190123-017-10X_crop.jpg	0.254	0
568	20190123-017-10X_crop.jpg	8.374	0
569	20190123-017-10X_crop.jpg	0.199	0
570	20190123-017-10X_crop.jpg	0.144	0
571	20190123-017-10X_crop.jpg	0.002	0
572	20190123-017-10X_crop.jpg	0.012	0
573	20190123-017-10X_crop.jpg	0.038	0
574	20190123-017-10X_crop.jpg	5.839	0
575	20190123-017-10X_crop.jpg	0.031	0
576	20190123-017-10X_crop.jpg	5.424	0
577	20190123-017-10X_crop.jpg	0.058	0
578	20190123-017-10X_crop.jpg	0.017	0
579	20190123-017-10X_crop.jpg	0.208	0
580	20190123-017-10X_crop.jpg	0.829	0
581	20190123-017-10X_crop.jpg	0.007	0
582	20190123-017-10X_crop.jpg	0.034	0
583	20190123-017-10X_crop.jpg	5.654	0
584	20190123-017-10X_crop.jpg	0.026	0
585	20190123-017-10X_crop.jpg	0.120	0
586	20190123-017-10X_crop.jpg	2.271	0
587	20190123-017-10X_crop.jpg	0.005	0
588	20190123-017-10X_crop.jpg	0.002	0
589	20190123-017-10X_crop.jpg	0.010	0
590	20190123-017-10X_crop.jpg	0.338	0
591	20190123-017-10X_crop.jpg	0.661	0
592	20190123-017-10X_crop.jpg	0.048	0
593	20190123-017-10X_crop.jpg	0.002	0
594	20190123-017-10X_crop.jpg	0.034	0
595	20190123-017-10X_crop.jpg	0.010	0
596	20190123-017-10X_crop.jpg	0.005	0
597	20190123-017-10X_crop.jpg	0.034	0
598	20190123-017-10X_crop.jpg	0.081	0
599	20190123-017-10X_crop.jpg	0.017	0
600	20190123-017-10X_crop.jpg	0.002	0
601	20190123-017-10X_crop.jpg	0.012	0
602	20190123-017-10X_crop.jpg	0.036	0
603	20190123-017-10X_crop.jpg	1.720	0
604	20190123-017-10X_crop.jpg	0.005	0
605	20190123-017-10X_crop.jpg	4.123	0
606	20190123-017-10X_crop.jpg	0.644	0
607	20190123-017-10X_crop.jpg	0.041	0
608	20190123-017-10X_crop.jpg	0.702	0
609	20190123-017-10X_crop.jpg	0.026	0
610	20190123-017-10X_crop.jpg	0.036	0
611	20190123-017-10X_crop.jpg	0.038	0
612	20190123-017-10X_crop.jpg	0.029	0
613	20190123-017-10X_crop.jpg	0.213	0
614	20190123-017-10X_crop.jpg	0.053	0
615	20190123-017-10X_crop.jpg	0.091	0
616	20190123-017-10X_crop.jpg	0.041	0
617	20190123-017-10X_crop.jpg	0.098	0
618	20190123-017-10X_crop.jpg	0.002	0
619	20190123-017-10X_crop.jpg	0.017	0
620	20190123-017-10X_crop.jpg	3.908	0
621	20190123-017-10X_crop.jpg	0.002	0
622	20190123-017-10X_crop.jpg	0.029	0
623	20190123-017-10X_crop.jpg	1.888	0
624	20190123-017-10X_crop.jpg	0.120	0
625	20190123-017-10X_crop.jpg	0.012	0
626	20190123-017-10X_crop.jpg	0.017	0
627	20190123-017-10X_crop.jpg	10.020	0
628	20190123-017-10X_crop.jpg	0.113	0
629	20190123-017-10X_crop.jpg	0.038	0
630	20190123-017-10X_crop.jpg	0.026	0
631	20190123-017-10X_crop.jpg	0.041	0
632	20190123-017-10X_crop.jpg	0.022	0
633	20190123-017-10X_crop.jpg	0.096	0
634	20190123-017-10X_crop.jpg	0.055	0
635	20190123-017-10X_crop.jpg	0.005	0
636	20190123-017-10X_crop.jpg	1.799	0
637	20190123-017-10X_crop.jpg	0.058	0
638	20190123-017-10X_crop.jpg	0.014	0
639	20190123-017-10X_crop.jpg	0.050	0
640	20190123-017-10X_crop.jpg	0.014	0
641	20190123-017-10X_crop.jpg	0.235	0
642	20190123-017-10X_crop.jpg	1.176	0
643	20190123-017-10X_crop.jpg	0.204	0
644	20190123-017-10X_crop.jpg	0.503	0
645	20190123-017-10X_crop.jpg	17.399	0
646	20190123-017-10X_crop.jpg	7.966	0
647	20190123-017-10X_crop.jpg	0.024	0
648	20190123-017-10X_crop.jpg	0.036	0
649	20190123-017-10X_crop.jpg	0.048	0
650	20190123-017-10X_crop.jpg	13.093	0
651	20190123-017-10X_crop.jpg	0.007	0
652	20190123-017-10X_crop.jpg	0.012	0
653	20190123-017-10X_crop.jpg	0.292	0
654	20190123-017-10X_crop.jpg	14.816	0
655	20190123-017-10X_crop.jpg	0.002	0
656	20190123-017-10X_crop.jpg	0.098	0
657	20190123-017-10X_crop.jpg	0.501	0
658	20190123-017-10X_crop.jpg	0.129	0
659	20190123-017-10X_crop.jpg	0.007	0
660	20190123-017-10X_crop.jpg	0.077	0
661	20190123-017-10X_crop.jpg	0.093	0
662	20190123-017-10X_crop.jpg	0.319	0
663	20190123-017-10X_crop.jpg	0.264	0
664	20190123-017-10X_crop.jpg	0.022	0
665	20190123-017-10X_crop.jpg	0.014	0
666	20190123-017-10X_crop.jpg	0.019	0
667	20190123-017-10X_crop.jpg	0.019	0
668	20190123-017-10X_crop.jpg	0.002	0
669	20190123-017-10X_crop.jpg	0.034	0
670	20190123-017-10X_crop.jpg	0.012	0
671	20190123-017-10X_crop.jpg	0.005	0
672	20190123-017-10X_crop.jpg	0.220	0
673	20190123-017-10X_crop.jpg	0.014	0
674	20190123-017-10X_crop.jpg	0.038	0
675	20190123-017-10X_crop.jpg	0.096	0
676	20190123-017-10X_crop.jpg	0.065	0
677	20190123-017-10X_crop.jpg	0.053	0
678	20190123-017-10X_crop.jpg	0.146	0
679	20190123-017-10X_crop.jpg	0.022	0
680	20190123-017-10X_crop.jpg	0.002	0
681	20190123-017-10X_crop.jpg	2.916	0
682	20190123-017-10X_crop.jpg	0.002	0
683	20190123-017-10X_crop.jpg	0.053	0
684	20190123-017-10X_crop.jpg	0.048	0
685	20190123-017-10X_crop.jpg	0.026	0
686	20190123-017-10X_crop.jpg	0.383	0
687	20190123-017-10X_crop.jpg	0.074	0
688	20190123-017-10X_crop.jpg	0.053	0
689	20190123-017-10X_crop.jpg	0.007	0
690	20190123-017-10X_crop.jpg	0.005	0
691	20190123-017-10X_crop.jpg	0.069	0
692	20190123-017-10X_crop.jpg	0.005	0
693	20190123-017-10X_crop.jpg	1.148	0
694	20190123-017-10X_crop.jpg	0.060	0
695	20190123-017-10X_crop.jpg	0.105	0
696	20190123-017-10X_crop.jpg	0.010	0
697	20190123-017-10X_crop.jpg	0.002	0
698	20190123-017-10X_crop.jpg	0.005	0
699	20190123-017-10X_crop.jpg	0.060	0
700	20190123-017-10X_crop.jpg	0.036	0
701	20190123-017-10X_crop.jpg	0.002	0
702	20190123-017-10X_crop.jpg	0.055	0
703	20190123-017-10X_crop.jpg	0.105	0
704	20190123-017-10X_crop.jpg	0.005	0
705	20190123-017-10X_crop.jpg	0.012	0
706	20190123-017-10X_crop.jpg	0.002	0
707	20190123-017-10X_crop.jpg	0.060	0
708	20190123-017-10X_crop.jpg	0.031	0
709	20190123-017-10X_crop.jpg	0.017	0
710	20190123-017-10X_crop.jpg	0.065	0
711	20190123-017-10X_crop.jpg	0.002	0
712	20190123-017-10X_crop.jpg	0.254	0
713	20190123-017-10X_crop.jpg	0.026	0
714	20190123-017-10X_crop.jpg	0.005	0
715	20190123-017-10X_crop.jpg	0.007	0
716	20190123-017-10X_crop.jpg	0.024	0
717	20190123-017-10X_crop.jpg	0.038	0
718	20190123-017-10X_crop.jpg	0.647	0
719	20190123-017-10X_crop.jpg	0.007	0
720	20190123-017-10X_crop.jpg	0.005	0
721	20190123-017-10X_crop.jpg	0.002	0
722	20190123-017-10X_crop.jpg	0.002	0
723	20190123-017-10X_crop.jpg	0.036	0
724	20190123-017-10X_crop.jpg	0.046	0
725	20190123-017-10X_crop.jpg	0.403	0
726	20190123-017-10X_crop.jpg	9.883	0
727	20190123-017-10X_crop.jpg	0.201	0
728	20190123-017-10X_crop.jpg	0.005	0
729	20190123-017-10X_crop.jpg	0.010	0
730	20190123-017-10X_crop.jpg	0.414	0
731	20190123-017-10X_crop.jpg	0.010	0
732	20190123-017-10X_crop.jpg	0.005	0
733	20190123-017-10X_crop.jpg	11.943	0
734	20190123-017-10X_crop.jpg	1.227	0
735	20190123-017-10X_crop.jpg	13.402	0
736	20190123-017-10X_crop.jpg	0.005	0
737	20190123-017-10X_crop.jpg	0.779	0
738	20190123-017-10X_crop.jpg	2.092	0
739	20190123-017-10X_crop.jpg	0.010	0
740	20190123-017-10X_crop.jpg	0.841	0
741	20190123-017-10X_crop.jpg	2.657	0
742	20190123-017-10X_crop.jpg	0.093	0
743	20190123-017-10X_crop.jpg	0.024	0
744	20190123-017-10X_crop.jpg	0.002	0
745	20190123-017-10X_crop.jpg	0.012	0
746	20190123-017-10X_crop.jpg	0.618	0
747	20190123-017-10X_crop.jpg	0.005	0
748	20190123-017-10X_crop.jpg	0.029	0
749	20190123-017-10X_crop.jpg	0.429	0
750	20190123-017-10X_crop.jpg	11.574	0
751	20190123-017-10X_crop.jpg	0.014	0
752	20190123-017-10X_crop.jpg	2.949	0
753	20190123-017-10X_crop.jpg	0.120	0
754	20190123-017-10X_crop.jpg	10.623	0
755	20190123-017-10X_crop.jpg	0.002	0
756	20190123-017-10X_crop.jpg	0.350	0
757	20190123-017-10X_crop.jpg	0.137	0
758	20190123-017-10X_crop.jpg	0.292	0
759	20190123-017-10X_crop.jpg	0.019	0
760	20190123-017-10X_crop.jpg	0.002	0
761	20190123-017-10X_crop.jpg	0.036	0
762	20190123-017-10X_crop.jpg	0.002	0
763	20190123-017-10X_crop.jpg	0.091	0
764	20190123-017-10X_crop.jpg	0.216	0
765	20190123-017-10X_crop.jpg	17.178	0
766	20190123-017-10X_crop.jpg	0.014	0
767	20190123-017-10X_crop.jpg	0.089	0
768	20190123-017-10X_crop.jpg	0.029	0
769	20190123-017-10X_crop.jpg	0.002	0
770	20190123-017-10X_crop.jpg	0.201	0
771	20190123-017-10X_crop.jpg	0.041	0
772	20190123-017-10X_crop.jpg	0.017	0
773	20190123-017-10X_crop.jpg	0.022	0
774	20190123-017-10X_crop.jpg	0.069	0
775	20190123-017-10X_crop.jpg	2.540	0
776	20190123-017-10X_crop.jpg	0.002	0
777	20190123-017-10X_crop.jpg	0.022	0
778	20190123-017-10X_crop.jpg	0.525	0
779	20190123-017-10X_crop.jpg	0.369	0
780	20190123-017-10X_crop.jpg	0.034	0
781	20190123-017-10X_crop.jpg	7.183	0
782	20190123-017-10X_crop.jpg	0.089	0
783	20190123-017-10X_crop.jpg	15.650	0
784	20190123-017-10X_crop.jpg	0.034	0
785	20190123-017-10X_crop.jpg	0.053	0
786	20190123-017-10X_crop.jpg	0.328	0
787	20190123-017-10X_crop.jpg	9.593	0
788	20190123-017-10X_crop.jpg	0.525	0
789	20190123-017-10X_crop.jpg	0.022	0
790	20190123-017-10X_crop.jpg	0.053	0
791	20190123-017-10X_crop.jpg	0.012	0
792	20190123-017-10X_crop.jpg	0.012	0
793	20190123-017-10X_crop.jpg	0.089	0
794	20190123-017-10X_crop.jpg	0.005	0
795	20190123-017-10X_crop.jpg	0.017	0
796	20190123-017-10X_crop.jpg	0.002	0
797	20190123-017-10X_crop.jpg	0.098	0
798	20190123-017-10X_crop.jpg	0.271	0
799	20190123-017-10X_crop.jpg	1.157	0
800	20190123-017-10X_crop.jpg	2.149	0
801	20190123-017-10X_crop.jpg	0.046	0
802	20190123-017-10X_crop.jpg	1.169	0
803	20190123-017-10X_crop.jpg	2.604	0
804	20190123-017-10X_crop.jpg	0.002	0
805	20190123-017-10X_crop.jpg	0.546	0
806	20190123-017-10X_crop.jpg	0.029	0
807	20190123-017-10X_crop.jpg	0.002	0
808	20190123-017-10X_crop.jpg	0.117	0
809	20190123-017-10X_crop.jpg	0.005	0
810	20190123-017-10X_crop.jpg	0.633	0
811	20190123-017-10X_crop.jpg	6.057	0
812	20190123-017-10X_crop.jpg	0.122	0
813	20190123-017-10X_crop.jpg	0.014	0
814	20190123-017-10X_crop.jpg	8.196	0
815	20190123-017-10X_crop.jpg	0.029	0
816	20190123-017-10X_crop.jpg	0.050	0
817	20190123-017-10X_crop.jpg	8.302	0
818	20190123-017-10X_crop.jpg	0.048	0
819	20190123-017-10X_crop.jpg	0.036	0
820	20190123-017-10X_crop.jpg	0.029	0
821	20190123-017-10X_crop.jpg	0.038	0
822	20190123-017-10X_crop.jpg	1.332	0
823	20190123-017-10X_crop.jpg	0.338	0
824	20190123-017-10X_crop.jpg	0.108	0
825	20190123-017-10X_crop.jpg	0.005	0
826	20190123-017-10X_crop.jpg	0.002	0
827	20190123-017-10X_crop.jpg	4.059	0
828	20190123-017-10X_crop.jpg	0.012	0
829	20190123-017-10X_crop.jpg	0.031	0
830	20190123-017-10X_crop.jpg	0.450	0
831	20190123-017-10X_crop.jpg	0.010	0
832	20190123-017-10X_crop.jpg	0.093	0
833	20190123-017-10X_crop.jpg	0.223	0
834	20190123-017-10X_crop.jpg	0.055	0
835	20190123-017-10X_crop.jpg	0.010	0
836	20190123-017-10X_crop.jpg	0.034	0
837	20190123-017-10X_crop.jpg	1.076	0
838	20190123-017-10X_crop.jpg	19.907	0
839	20190123-017-10X_crop.jpg	0.024	0
840	20190123-017-10X_crop.jpg	20.307	0
841	20190123-017-10X_crop.jpg	4.416	0
842	20190123-017-10X_crop.jpg	0.041	0
843	20190123-017-10X_crop.jpg	0.077	0
844	20190123-017-10X_crop.jpg	0.117	0
845	20190123-017-10X_crop.jpg	0.002	0
846	20190123-017-10X_crop.jpg	0.029	0
847	20190123-017-10X_crop.jpg	0.002	0
848	20190123-017-10X_crop.jpg	1.428	0
849	20190123-017-10X_crop.jpg	0.017	0
850	20190123-017-10X_crop.jpg	12.629	0
851	20190123-017-10X_crop.jpg	0.007	0
852	20190123-017-10X_crop.jpg	0.103	0
853	20190123-017-10X_crop.jpg	0.029	0
854	20190123-017-10X_crop.jpg	1.864	0
855	20190123-017-10X_crop.jpg	3.256	0
856	20190123-017-10X_crop.jpg	0.084	0
857	20190123-017-10X_crop.jpg	0.043	0
858	20190123-017-10X_crop.jpg	0.925	0
859	20190123-017-10X_crop.jpg	0.058	0
860	20190123-017-10X_crop.jpg	0.055	0
861	20190123-017-10X_crop.jpg	0.046	0
862	20190123-017-10X_crop.jpg	2.432	0
863	20190123-017-10X_crop.jpg	18.290	0
864	20190123-017-10X_crop.jpg	0.007	0
865	20190123-017-10X_crop.jpg	5.518	0
866	20190123-017-10X_crop.jpg	0.022	0
867	20190123-017-10X_crop.jpg	1.493	0
868	20190123-017-10X_crop.jpg	0.625	0
869	20190123-017-10X_crop.jpg	0.005	0
870	20190123-017-10X_crop.jpg	0.002	0
871	20190123-017-10X_crop.jpg	0.002	0
872	20190123-017-10X_crop.jpg	0.089	0
873	20190123-017-10X_crop.jpg	0.026	0
874	20190123-017-10X_crop.jpg	0.007	0
875	20190123-017-10X_crop.jpg	0.223	0
876	20190123-017-10X_crop.jpg	14.253	0
877	20190123-017-10X_crop.jpg	9.761	0
878	20190123-017-10X_crop.jpg	0.007	0
879	20190123-017-10X_crop.jpg	0.022	0
880	20190123-017-10X_crop.jpg	0.022	0
881	20190123-017-10X_crop.jpg	0.002	0
882	20190123-017-10X_crop.jpg	3.304	0
883	20190123-017-10X_crop.jpg	5.959	0
884	20190123-017-10X_crop.jpg	0.002	0
885	20190123-017-10X_crop.jpg	0.041	0
886	20190123-017-10X_crop.jpg	5.901	0
887	20190123-017-10X_crop.jpg	2.132	0
888	20190123-017-10X_crop.jpg	0.007	0
889	20190123-017-10X_crop.jpg	0.007	0
890	20190123-017-10X_crop.jpg	0.005	0
891	20190123-017-10X_crop.jpg	6.653	0
892	20190123-017-10X_crop.jpg	0.031	0
893	20190123-017-10X_crop.jpg	22.147	0
894	20190123-017-10X_crop.jpg	0.014	0
895	20190123-017-10X_crop.jpg	0.069	0
896	20190123-017-10X_crop.jpg	0.125	0
897	20190123-017-10X_crop.jpg	0.261	0
898	20190123-017-10X_crop.jpg	0.180	0
899	20190123-017-10X_crop.jpg	0.017	0
900	20190123-017-10X_crop.jpg	0.084	0
901	20190123-017-10X_crop.jpg	0.010	0
902	20190123-017-10X_crop.jpg	0.184	0
903	20190123-017-10X_crop.jpg	0.014	0
904	20190123-017-10X_crop.jpg	0.002	0
905	20190123-017-10X_crop.jpg	0.012	0
906	20190123-017-10X_crop.jpg	0.074	0
907	20190123-017-10X_crop.jpg	0.002	0
908	20190123-017-10X_crop.jpg	0.010	0
909	20190123-017-10X_crop.jpg	0.364	0
910	20190123-017-10X_crop.jpg	0.086	0
911	20190123-017-10X_crop.jpg	0.379	0
912	20190123-017-10X_crop.jpg	0.065	0
913	20190123-017-10X_crop.jpg	16.563	0
914	20190123-017-10X_crop.jpg	5.101	0
915	20190123-017-10X_crop.jpg	13.314	0
916	20190123-017-10X_crop.jpg	0.012	0
917	20190123-017-10X_crop.jpg	0.012	0
918	20190123-017-10X_crop.jpg	8.220	0
919	20190123-017-10X_crop.jpg	0.036	0
920	20190123-017-10X_crop.jpg	0.005	0
921	20190123-017-10X_crop.jpg	0.019	0
922	20190123-017-10X_crop.jpg	3.462	0
923	20190123-017-10X_crop.jpg	0.041	0
924	20190123-017-10X_crop.jpg	0.002	0
925	20190123-017-10X_crop.jpg	0.304	0
926	20190123-017-10X_crop.jpg	5.592	0
927	20190123-017-10X_crop.jpg	0.002	0
928	20190123-017-10X_crop.jpg	14.454	0
929	20190123-017-10X_crop.jpg	0.105	0
930	20190123-017-10X_crop.jpg	14.435	0
931	20190123-017-10X_crop.jpg	0.034	0
932	20190123-017-10X_crop.jpg	0.585	0
933	20190123-017-10X_crop.jpg	13.417	0
934	20190123-017-10X_crop.jpg	14.553	0
935	20190123-017-10X_crop.jpg	0.525	0
936	20190123-017-10X_crop.jpg	0.002	0
937	20190123-017-10X_crop.jpg	6.838	0
938	20190123-017-10X_crop.jpg	0.002	0
939	20190123-017-10X_crop.jpg	0.012	0
940	20190123-017-10X_crop.jpg	0.129	0
941	20190123-017-10X_crop.jpg	0.494	0
942	20190123-017-10X_crop.jpg	0.005	0
943	20190123-017-10X_crop.jpg	0.010	0
944	20190123-017-10X_crop.jpg	0.017	0
945	20190123-017-10X_crop.jpg	0.002	0
946	20190123-017-10X_crop.jpg	0.002	0
947	20190123-017-10X_crop.jpg	1.052	0
948	20190123-017-10X_crop.jpg	0.089	0
949	20190123-017-10X_crop.jpg	1.550	0
950	20190123-017-10X_crop.jpg	1.071	0
951	20190123-017-10X_crop.jpg	0.223	0
952	20190123-017-10X_crop.jpg	0.637	0
953	20190123-017-10X_crop.jpg	0.002	0
954	20190123-017-10X_crop.jpg	0.002	0
955	20190123-017-10X_crop.jpg	0.029	0
956	20190123-017-10X_crop.jpg	0.002	0
957	20190123-017-10X_crop.jpg	0.022	0
958	20190123-017-10X_crop.jpg	0.031	0
959	20190123-017-10X_crop.jpg	0.005	0
960	20190123-017-10X_crop.jpg	0.050	0
961	20190123-017-10X_crop.jpg	0.170	0
962	20190123-017-10X_crop.jpg	0.010	0
963	20190123-017-10X_crop.jpg	0.161	0
964	20190123-017-10X_crop.jpg	0.014	0
965	20190123-017-10X_crop.jpg	0.002	0
966	20190123-017-10X_crop.jpg	0.002	0
967	20190123-017-10X_crop.jpg	0.007	0
968	20190123-017-10X_crop.jpg	0.050	0
969	20190123-017-10X_crop.jpg	0.029	0
970	20190123-017-10X_crop.jpg	0.010	0
971	20190123-017-10X_crop.jpg	0.002	0
972	20190123-017-10X_crop.jpg	0.208	0
973	20190123-017-10X_crop.jpg	0.125	0
974	20190123-017-10X_crop.jpg	0.326	0
975	20190123-017-10X_crop.jpg	1.751	0
976	20190123-017-10X_crop.jpg	0.002	0
977	20190123-017-10X_crop.jpg	4.341	0
978	20190123-017-10X_crop.jpg	0.046	0
979	20190123-017-10X_crop.jpg	0.007	0
980	20190123-017-10X_crop.jpg	11.102	0
981	20190123-017-10X_crop.jpg	0.019	0
982	20190123-017-10X_crop.jpg	0.031	0
983	20190123-017-10X_crop.jpg	17.538	0
984	20190123-017-10X_crop.jpg	0.151	0
985	20190123-017-10X_crop.jpg	0.010	0
986	20190123-017-10X_crop.jpg	0.002	0
987	20190123-017-10X_crop.jpg	0.041	0
988	20190123-017-10X_crop.jpg	5.762	0
989	20190123-017-10X_crop.jpg	0.551	0
990	20190123-017-10X_crop.jpg	2.056	0
991	20190123-017-10X_crop.jpg	0.007	0
992	20190123-017-10X_crop.jpg	4.413	0
993	20190123-017-10X_crop.jpg	0.005	0
994	20190123-017-10X_crop.jpg	0.005	0
995	20190123-017-10X_crop.jpg	0.182	0
996	20190123-017-10X_crop.jpg	0.024	0
997	20190123-017-10X_crop.jpg	3.172	0
998	20190123-017-10X_crop.jpg	0.010	0
999	20190123-017-10X_crop.jpg	0.515	0
1000	20190123-017-10X_crop.jpg	1.344	0
1001	20190123-017-10X_crop.jpg	0.002	0
1002	20190123-017-10X_crop.jpg	0.017	0
1003	20190123-017-10X_crop.jpg	0.002	0
1004	20190123-017-10X_crop.jpg	0.053	0
1005	20190123-017-10X_crop.jpg	5.685	0
1006	20190123-017-10X_crop.jpg	0.002	0
1007	20190123-017-10X_crop.jpg	0.103	0
1008	20190123-017-10X_crop.jpg	0.050	0
1009	20190123-017-10X_crop.jpg	0.007	0
1010	20190123-017-10X_crop.jpg	2.683	0
1011	20190123-017-10X_crop.jpg	0.005	0
1012	20190123-017-10X_crop.jpg	0.010	0
1013	20190123-017-10X_crop.jpg	0.041	0
1014	20190123-017-10X_crop.jpg	0.017	0
1015	20190123-017-10X_crop.jpg	0.046	0
1016	20190123-017-10X_crop.jpg	0.065	0
1017	20190123-017-10X_crop.jpg	20.401	0
1018	20190123-017-10X_crop.jpg	4.600	0
1019	20190123-017-10X_crop.jpg	0.017	0
1020	20190123-017-10X_crop.jpg	0.002	0
1021	20190123-017-10X_crop.jpg	5.491	0
1022	20190123-017-10X_crop.jpg	0.010	0
1023	20190123-017-10X_crop.jpg	0.002	0
1024	20190123-017-10X_crop.jpg	0.002	0
1025	20190123-017-10X_crop.jpg	0.034	0
1026	20190123-017-10X_crop.jpg	0.043	0
1027	20190123-017-10X_crop.jpg	18.829	0
1028	20190123-017-10X_crop.jpg	0.007	0
1029	20190123-017-10X_crop.jpg	0.002	0
1030	20190123-017-10X_crop.jpg	0.002	0
1031	20190123-017-10X_crop.jpg	17.571	0
1032	20190123-017-10X_crop.jpg	0.216	0
1033	20190123-017-10X_crop.jpg	0.007	0
1034	20190123-017-10X_crop.jpg	9.722	0
1035	20190123-017-10X_crop.jpg	10.858	0
1036	20190123-017-10X_crop.jpg	3.361	0
1037	20190123-017-10X_crop.jpg	9.643	0
1038	20190123-017-10X_crop.jpg	0.002	0
1039	20190123-017-10X_crop.jpg	0.022	0
1040	20190123-017-10X_crop.jpg	0.005	0
1041	20190123-017-10X_crop.jpg	15.774	0
1042	20190123-017-10X_crop.jpg	0.065	0
1043	20190123-017-10X_crop.jpg	0.046	0
1044	20190123-017-10X_crop.jpg	0.002	0
1045	20190123-017-10X_crop.jpg	0.002	0
1046	20190123-017-10X_crop.jpg	0.012	0
1047	20190123-017-10X_crop.jpg	0.026	0
1048	20190123-017-10X_crop.jpg	0.391	0
1049	20190123-017-10X_crop.jpg	9.519	0
1050	20190123-017-10X_crop.jpg	0.079	0
1051	20190123-017-10X_crop.jpg	2.921	0
1052	20190123-017-10X_crop.jpg	7.585	0
1053	20190123-017-10X_crop.jpg	0.022	0
1054	20190123-017-10X_crop.jpg	0.012	0
1055	20190123-017-10X_crop.jpg	0.012	0
1056	20190123-017-10X_crop.jpg	0.002	0
1057	20190123-017-10X_crop.jpg	5.005	0
1058	20190123-017-10X_crop.jpg	0.069	0
1059	20190123-017-10X_crop.jpg	0.029	0
1060	20190123-017-10X_crop.jpg	0.012	0
1061	20190123-017-10X_crop.jpg	0.688	0
1062	20190123-017-10X_crop.jpg	17.583	0
1063	20190123-017-10X_crop.jpg	0.022	0
1064	20190123-017-10X_crop.jpg	9.306	0
1065	20190123-017-10X_crop.jpg	0.007	0
1066	20190123-017-10X_crop.jpg	0.113	0
1067	20190123-017-10X_crop.jpg	0.002	0
1068	20190123-017-10X_crop.jpg	9.739	0
1069	20190123-017-10X_crop.jpg	0.058	0
1070	20190123-017-10X_crop.jpg	0.055	0
1071	20190123-017-10X_crop.jpg	16.984	0
1072	20190123-017-10X_crop.jpg	0.034	0
1073	20190123-017-10X_crop.jpg	0.002	0
1074	20190123-017-10X_crop.jpg	0.002	0
1075	20190123-017-10X_crop.jpg	0.383	0
1076	20190123-017-10X_crop.jpg	0.403	0
1077	20190123-017-10X_crop.jpg	0.002	0
1078	20190123-017-10X_crop.jpg	0.966	0
1079	20190123-017-10X_crop.jpg	7.916	0
1080	20190123-017-10X_crop.jpg	0.048	0
1081	20190123-017-10X_crop.jpg	0.029	0
1082	20190123-017-10X_crop.jpg	0.129	0
1083	20190123-017-10X_crop.jpg	8.187	0
1084	20190123-017-10X_crop.jpg	0.839	0
1085	20190123-017-10X_crop.jpg	0.002	0
1086	20190123-017-10X_crop.jpg	0.192	0
1087	20190123-017-10X_crop.jpg	0.002	0
1088	20190123-017-10X_crop.jpg	6.236	0
1089	20190123-017-10X_crop.jpg	0.002	0
1090	20190123-017-10X_crop.jpg	3.191	0
1091	20190123-017-10X_crop.jpg	0.007	0
1092	20190123-017-10X_crop.jpg	0.383	0
1093	20190123-017-10X_crop.jpg	0.034	0
1094	20190123-017-10X_crop.jpg	9.878	0
1095	20190123-017-10X_crop.jpg	0.010	0
1096	20190123-017-10X_crop.jpg	0.841	0
1097	20190123-017-10X_crop.jpg	0.879	0
1098	20190123-017-10X_crop.jpg	0.005	0
1099	20190123-017-10X_crop.jpg	2.197	0
1100	20190123-017-10X_crop.jpg	0.043	0
1101	20190123-017-10X_crop.jpg	0.659	0
1102	20190123-017-10X_crop.jpg	0.043	0
1103	20190123-017-10X_crop.jpg	0.002	0
1104	20190123-017-10X_crop.jpg	0.005	0
1105	20190123-017-10X_crop.jpg	0.002	0
1106	20190123-017-10X_crop.jpg	0.815	0
1107	20190123-017-10X_crop.jpg	0.438	0
1108	20190123-017-10X_crop.jpg	0.213	0
1109	20190123-017-10X_crop.jpg	0.196	0
1110	20190123-017-10X_crop.jpg	3.246	0
1111	20190123-017-10X_crop.jpg	16.263	0
1112	20190123-017-10X_crop.jpg	0.367	0
1113	20190123-017-10X_crop.jpg	0.005	0
1114	20190123-017-10X_crop.jpg	0.005	0
1115	20190123-017-10X_crop.jpg	0.010	0
1116	20190123-017-10X_crop.jpg	1.723	0
1117	20190123-017-10X_crop.jpg	0.038	0
1118	20190123-017-10X_crop.jpg	3.249	0
1119	20190123-017-10X_crop.jpg	1.126	0
1120	20190123-017-10X_crop.jpg	2.693	0
1121	20190123-017-10X_crop.jpg	2.822	0
1122	20190123-017-10X_crop.jpg	0.120	0
1123	20190123-017-10X_crop.jpg	0.168	0
1124	20190123-017-10X_crop.jpg	0.017	0
1125	20190123-017-10X_crop.jpg	0.002	0
1126	20190123-017-10X_crop.jpg	0.005	0
1127	20190123-017-10X_crop.jpg	0.002	0
1128	20190123-017-10X_crop.jpg	0.005	0
1129	20190123-017-10X_crop.jpg	9.349	0
1130	20190123-017-10X_crop.jpg	0.012	0
1131	20190123-017-10X_crop.jpg	0.036	0
1132	20190123-017-10X_crop.jpg	0.089	0
1133	20190123-017-10X_crop.jpg	0.022	0
1134	20190123-017-10X_crop.jpg	0.055	0
1135	20190123-017-10X_crop.jpg	0.050	0
1136	20190123-017-10X_crop.jpg	2.111	0
1137	20190123-017-10X_crop.jpg	0.055	0
1138	20190123-017-10X_crop.jpg	0.017	0
1139	20190123-017-10X_crop.jpg	0.024	0
1140	20190123-017-10X_crop.jpg	0.335	0
1141	20190123-017-10X_crop.jpg	0.041	0
1142	20190123-017-10X_crop.jpg	0.187	0
1143	20190123-017-10X_crop.jpg	0.029	0
1144	20190123-017-10X_crop.jpg	2.319	0
1145	20190123-017-10X_crop.jpg	0.014	0
1146	20190123-017-10X_crop.jpg	0.455	0
1147	20190123-017-10X_crop.jpg	0.002	0
1148	20190123-017-10X_crop.jpg	0.002	0
1149	20190123-017-10X_crop.jpg	0.196	0
1150	20190123-017-10X_crop.jpg	0.307	0
1151	20190123-017-10X_crop.jpg	0.501	0
1152	20190123-017-10X_crop.jpg	19.308	0
1153	20190123-017-10X_crop.jpg	0.748	0
1154	20190123-017-10X_crop.jpg	0.050	0
1155	20190123-017-10X_crop.jpg	0.707	0
1156	20190123-017-10X_crop.jpg	0.019	0
1157	20190123-017-10X_crop.jpg	0.026	0
1158	20190123-017-10X_crop.jpg	0.005	0
1159	20190123-017-10X_crop.jpg	1.363	0
1160	20190123-017-10X_crop.jpg	0.002	0
1161	20190123-017-10X_crop.jpg	0.007	0
1162	20190123-017-10X_crop.jpg	0.266	0
1163	20190123-017-10X_crop.jpg	2.235	0
1164	20190123-017-10X_crop.jpg	8.055	0
1165	20190123-017-10X_crop.jpg	0.069	0
1166	20190123-017-10X_crop.jpg	0.010	0
1167	20190123-017-10X_crop.jpg	0.414	0
1168	20190123-017-10X_crop.jpg	0.002	0
1169	20190123-017-10X_crop.jpg	1.926	0
1170	20190123-017-10X_crop.jpg	1.600	0
1171	20190123-017-10X_crop.jpg	0.005	0
1172	20190123-017-10X_crop.jpg	0.065	0
1173	20190123-017-10X_crop.jpg	2.607	0
1174	20190123-017-10X_crop.jpg	0.005	0
1175	20190123-017-10X_crop.jpg	0.034	0
1176	20190123-017-10X_crop.jpg	0.005	0
1177	20190123-017-10X_crop.jpg	0.002	0
1178	20190123-017-10X_crop.jpg	14.452	0
1179	20190123-017-10X_crop.jpg	0.022	0
1180	20190123-017-10X_crop.jpg	0.002	0
1181	20190123-017-10X_crop.jpg	0.446	0
1182	20190123-017-10X_crop.jpg	0.002	0
1183	20190123-017-10X_crop.jpg	0.446	0
1184	20190123-017-10X_crop.jpg	0.002	0
1185	20190123-017-10X_crop.jpg	0.010	0
1186	20190123-017-10X_crop.jpg	0.005	0
1187	20190123-017-10X_crop.jpg	0.010	0
1188	20190123-017-10X_crop.jpg	2.731	0
1189	20190123-017-10X_crop.jpg	0.005	0
1190	20190123-017-10X_crop.jpg	4.365	0
1191	20190123-017-10X_crop.jpg	0.012	0
1192	20190123-017-10X_crop.jpg	0.002	0
1193	20190123-017-10X_crop.jpg	0.002	0
1194	20190123-017-10X_crop.jpg	0.007	0
1195	20190123-017-10X_crop.jpg	0.014	0
1196	20190123-017-10X_crop.jpg	0.005	0
1197	20190123-017-10X_crop.jpg	0.098	0
1198	20190123-017-10X_crop.jpg	0.010	0
1199	20190123-017-10X_crop.jpg	0.005	0
1200	20190123-017-10X_crop.jpg	0.007	0
1201	20190123-017-10X_crop.jpg	0.022	0
1202	20190123-017-10X_crop.jpg	0.022	0
1203	20190123-017-10X_crop.jpg	0.077	0
1204	20190123-017-10X_crop.jpg	8.640	0
1205	20190123-017-10X_crop.jpg	10.161	0
1206	20190123-017-10X_crop.jpg	6.888	0
1207	20190123-017-10X_crop.jpg	0.017	0
1208	20190123-017-10X_crop.jpg	0.002	0
1209	20190123-017-10X_crop.jpg	0.038	0
1210	20190123-017-10X_crop.jpg	0.005	0
1211	20190123-017-10X_crop.jpg	0.007	0
1212	20190123-017-10X_crop.jpg	0.012	0
1213	20190123-017-10X_crop.jpg	0.002	0
1214	20190123-017-10X_crop.jpg	0.002	0
1215	20190123-017-10X_crop.jpg	0.002	0
1216	20190123-017-10X_crop.jpg	0.005	0
1217	20190123-017-10X_crop.jpg	0.005	0
1218	20190123-017-10X_crop.jpg	0.017	0
1219	20190123-017-10X_crop.jpg	0.005	0
1220	20190123-017-10X_crop.jpg	0.010	0
1221	20190123-017-10X_crop.jpg	0.407	0
1222	20190123-017-10X_crop.jpg	0.029	0
1223	20190123-017-10X_crop.jpg	0.002	0
1224	20190123-017-10X_crop.jpg	0.017	0
1225	20190123-017-10X_crop.jpg	0.005	0
1226	20190123-017-10X_crop.jpg	0.012	0
1227	20190123-017-10X_crop.jpg	0.014	0
1228	20190123-017-10X_crop.jpg	0.043	0
1229	20190123-017-10X_crop.jpg	0.002	0
1230	20190123-017-10X_crop.jpg	0.010	0
1231	20190123-017-10X_crop.jpg	0.002	0
1232	20190123-017-10X_crop.jpg	0.002	0
1233	20190123-017-10X_crop.jpg	0.002	0
1234	20190123-017-10X_crop.jpg	0.014	0
1235	20190123-017-10X_crop.jpg	0.002	0
1236	20190123-017-10X_crop.jpg	0.005	0
1237	20190123-017-10X_crop.jpg	0.002	0
1238	20190123-017-10X_crop.jpg	0.125	0
1239	20190123-017-10X_crop.jpg	0.182	0
1240	20190123-017-10X_crop.jpg	0.002	0
1241	20190123-017-10X_crop.jpg	0.005	0
1242	20190123-017-10X_crop.jpg	0.014	0
1243	20190123-017-10X_crop.jpg	2.216	0
1244	20190123-017-10X_crop.jpg	0.450	0
1245	20190123-017-10X_crop.jpg	0.017	0
1246	20190123-017-10X_crop.jpg	0.012	0
1247	20190123-017-10X_crop.jpg	0.007	0
1248	20190123-017-10X_crop.jpg	0.007	0
1249	20190123-017-10X_crop.jpg	0.565	0
1250	20190123-017-10X_crop.jpg	1.145	0
1251	20190123-017-10X_crop.jpg	0.012	0
1252	20190123-017-10X_crop.jpg	0.002	0
1253	20190123-017-10X_crop.jpg	0.002	0
1254	20190123-017-10X_crop.jpg	0.002	0
1255	20190123-017-10X_crop.jpg	0.005	0
1256	20190123-017-10X_crop.jpg	0.012	0
1257	20190123-017-10X_crop.jpg	0.022	0
1258	20190123-017-10X_crop.jpg	0.994	0
1259	20190123-017-10X_crop.jpg	0.002	0
1260	20190123-017-10X_crop.jpg	0.002	0
1261	20190123-017-10X_crop.jpg	0.017	0
1262	20190123-017-10X_crop.jpg	0.002	0
1263	20190123-017-10X_crop.jpg	0.005	0
1264	20190123-017-10X_crop.jpg	0.002	0
1265	20190123-017-10X_crop.jpg	0.002	0
1266	20190123-017-10X_crop.jpg	0.005	0
1267	20190123-017-10X_crop.jpg	0.932	0
1268	20190123-017-10X_crop.jpg	0.014	0
1269	20190123-017-10X_crop.jpg	0.022	0
1270	20190123-017-10X_crop.jpg	0.010	0
1271	20190123-017-10X_crop.jpg	0.017	0
1272	20190123-017-10X_crop.jpg	0.002	0
1273	20190123-017-10X_crop.jpg	0.096	0
1274	20190123-017-10X_crop.jpg	14.706	0
1275	20190123-017-10X_crop.jpg	5.151	0
1276	20190123-017-10X_crop.jpg	0.012	0
1277	20190123-017-10X_crop.jpg	0.529	0
1278	20190123-017-10X_crop.jpg	0.024	0
1279	20190123-017-10X_crop.jpg	0.010	0
1280	20190123-017-10X_crop.jpg	0.002	0
1281	20190123-017-10X_crop.jpg	0.010	0
1282	20190123-017-10X_crop.jpg	0.007	0
1283	20190123-017-10X_crop.jpg	0.036	0
1284	20190123-017-10X_crop.jpg	0.005	0
1285	20190123-017-10X_crop.jpg	13.460	0
1286	20190123-017-10X_crop.jpg	0.002	0
1287	20190123-017-10X_crop.jpg	0.120	0
1288	20190123-017-10X_crop.jpg	0.005	0
1289	20190123-017-10X_crop.jpg	0.132	0
1290	20190123-017-10X_crop.jpg	1.258	0
1291	20190123-017-10X_crop.jpg	0.053	0
1292	20190123-017-10X_crop.jpg	0.005	0
1293	20190123-017-10X_crop.jpg	0.101	0
1294	20190123-017-10X_crop.jpg	0.005	0
1295	20190123-017-10X_crop.jpg	0.002	0
1296	20190123-017-10X_crop.jpg	0.005	0
1297	20190123-017-10X_crop.jpg	0.609	0
1298	20190123-017-10X_crop.jpg	0.002	0
1299	20190123-017-10X_crop.jpg	0.041	0
1300	20190123-017-10X_crop.jpg	0.987	0
1301	20190123-017-10X_crop.jpg	11.615	0
1302	20190123-017-10X_crop.jpg	0.002	0
1303	20190123-017-10X_crop.jpg	0.012	0
1304	20190123-017-10X_crop.jpg	1.306	0
1305	20190123-017-10X_crop.jpg	0.002	0
1306	20190123-017-10X_crop.jpg	0.017	0
1307	20190123-017-10X_crop.jpg	0.005	0
1308	20190123-017-10X_crop.jpg	11.237	0
1309	20190123-017-10X_crop.jpg	16.033	0
1310	20190123-017-10X_crop.jpg	9.665	0
1311	20190123-017-10X_crop.jpg	0.014	0
1312	20190123-017-10X_crop.jpg	0.249	0
1313	20190123-017-10X_crop.jpg	0.002	0
1314	20190123-017-10X_crop.jpg	0.002	0
1315	20190123-017-10X_crop.jpg	10.245	0
1316	20190123-017-10X_crop.jpg	0.472	0
1317	20190123-017-10X_crop.jpg	13.220	0
1318	20190123-017-10X_crop.jpg	0.882	0
1319	20190123-017-10X_crop.jpg	0.069	0
1320	20190123-017-10X_crop.jpg	0.029	0
1321	20190123-017-10X_crop.jpg	0.086	0
1322	20190123-017-10X_crop.jpg	0.005	0
1323	20190123-017-10X_crop.jpg	0.069	0
1324	20190123-017-10X_crop.jpg	0.002	0
1325	20190123-017-10X_crop.jpg	0.925	0
1326	20190123-017-10X_crop.jpg	0.105	0
1327	20190123-017-10X_crop.jpg	9.210	0
1328	20190123-017-10X_crop.jpg	0.664	0
1329	20190123-017-10X_crop.jpg	0.002	0
1330	20190123-017-10X_crop.jpg	0.302	0
1331	20190123-017-10X_crop.jpg	0.091	0
1332	20190123-017-10X_crop.jpg	12.090	0
1333	20190123-017-10X_crop.jpg	0.096	0
1334	20190123-017-10X_crop.jpg	0.012	0
1335	20190123-017-10X_crop.jpg	0.005	0
1336	20190123-017-10X_crop.jpg	0.002	0
1337	20190123-017-10X_crop.jpg	0.137	0
1338	20190123-017-10X_crop.jpg	0.002	0
1339	20190123-017-10X_crop.jpg	0.005	0
1340	20190123-017-10X_crop.jpg	0.017	0
1341	20190123-017-10X_crop.jpg	0.002	0
1342	20190123-017-10X_crop.jpg	0.019	0
1343	20190123-017-10X_crop.jpg	1.234	0
1344	20190123-017-10X_crop.jpg	8.400	0
1345	20190123-017-10X_crop.jpg	0.065	0
1346	20190123-017-10X_crop.jpg	1.795	0
1347	20190123-017-10X_crop.jpg	0.077	0
1348	20190123-017-10X_crop.jpg	0.086	0
1349	20190123-017-10X_crop.jpg	0.017	0
1350	20190123-017-10X_crop.jpg	0.041	0
1351	20190123-017-10X_crop.jpg	0.019	0
1352	20190123-017-10X_crop.jpg	0.019	0
1353	20190123-017-10X_crop.jpg	0.002	0
1354	20190123-017-10X_crop.jpg	23.604	0
1355	20190123-017-10X_crop.jpg	12.739	0
1356	20190123-017-10X_crop.jpg	0.896	0
1357	20190123-017-10X_crop.jpg	2.377	0
1358	20190123-017-10X_crop.jpg	0.007	0
1359	20190123-017-10X_crop.jpg	5.058	0
1360	20190123-017-10X_crop.jpg	0.347	0
1361	20190123-017-10X_crop.jpg	0.134	0
1362	20190123-017-10X_crop.jpg	1.164	0
1363	20190123-017-10X_crop.jpg	2.712	0
1364	20190123-017-10X_crop.jpg	9.478	0
1365	20190123-017-10X_crop.jpg	0.002	0
1366	20190123-017-10X_crop.jpg	0.007	0
1367	20190123-017-10X_crop.jpg	0.002	0
1368	20190123-017-10X_crop.jpg	1.059	0
1369	20190123-017-10X_crop.jpg	0.120	0
1370	20190123-017-10X_crop.jpg	0.022	0
1371	20190123-017-10X_crop.jpg	0.005	0
1372	20190123-017-10X_crop.jpg	0.031	0
1373	20190123-017-10X_crop.jpg	0.002	0
1374	20190123-017-10X_crop.jpg	0.024	0
1375	20190123-017-10X_crop.jpg	0.010	0
1376	20190123-017-10X_crop.jpg	0.002	0
1377	20190123-017-10X_crop.jpg	0.010	0
1378	20190123-017-10X_crop.jpg	0.012	0
1379	20190123-017-10X_crop.jpg	0.002	0
1380	20190123-017-10X_crop.jpg	0.002	0
1381	20190123-017-10X_crop.jpg	2.966	0
1382	20190123-017-10X_crop.jpg	0.010	0
1383	20190123-017-10X_crop.jpg	0.002	0
1384	20190123-017-10X_crop.jpg	0.280	0
1385	20190123-017-10X_crop.jpg	7.930	0
1386	20190123-017-10X_crop.jpg	0.014	0
1387	20190123-017-10X_crop.jpg	0.137	0
1388	20190123-017-10X_crop.jpg	0.026	0
1389	20190123-017-10X_crop.jpg	10.729	0
1390	20190123-017-10X_crop.jpg	0.058	0
1391	20190123-017-10X_crop.jpg	3.920	0
1392	20190123-017-10X_crop.jpg	1.699	0
1393	20190123-017-10X_crop.jpg	1.713	0
1394	20190123-017-10X_crop.jpg	0.007	0
1395	20190123-017-10X_crop.jpg	2.748	0
1396	20190123-017-10X_crop.jpg	10.000	0
1397	20190123-017-10X_crop.jpg	8.714	0
1398	20190123-017-10X_crop.jpg	0.206	0
1399	20190123-017-10X_crop.jpg	0.002	0
1400	20190123-017-10X_crop.jpg	0.050	0
1401	20190123-017-10X_crop.jpg	0.002	0
1402	20190123-017-10X_crop.jpg	0.386	0
1403	20190123-017-10X_crop.jpg	0.254	0
1404	20190123-017-10X_crop.jpg	2.370	0
1405	20190123-017-10X_crop.jpg	1.121	0
1406	20190123-017-10X_crop.jpg	0.002	0
1407	20190123-017-10X_crop.jpg	0.014	0
1408	20190123-017-10X_crop.jpg	0.002	0
1409	20190123-017-10X_crop.jpg	0.002	0
1410	20190123-017-10X_crop.jpg	0.513	0
1411	20190123-017-10X_crop.jpg	0.101	0
1412	20190123-017-10X_crop.jpg	0.007	0
1413	20190123-017-10X_crop.jpg	0.204	0
1414	20190123-017-10X_crop.jpg	0.139	0
1415	20190123-017-10X_crop.jpg	0.010	0
1416	20190123-017-10X_crop.jpg	0.017	0
1417	20190123-017-10X_crop.jpg	0.002	0
1418	20190123-017-10X_crop.jpg	0.007	0
1419	20190123-017-10X_crop.jpg	0.002	0
1420	20190123-017-10X_crop.jpg	0.002	0
1421	20190123-017-10X_crop.jpg	0.002	0
1422	20190123-017-10X_crop.jpg	0.005	0
1423	20190123-017-10X_crop.jpg	0.002	0
1424	20190123-017-10X_crop.jpg	0.002	0
1425	20190123-017-10X_crop.jpg	0.007	0
1426	20190123-017-10X_crop.jpg	11214.550	0
