 	Label	Area	%Area
1	20190221-009-10x.jpg	16351.713	0
2	20190221-009-10x.jpg	10702.029	0
3	20190221-009-10x.jpg	2307.295	0
4	20190221-009-10x.jpg	0.014	0
5	20190221-009-10x.jpg	12.772	0
6	20190221-009-10x.jpg	0.005	0
7	20190221-009-10x.jpg	0.244	0
8	20190221-009-10x.jpg	0.098	0
9	20190221-009-10x.jpg	0.050	0
10	20190221-009-10x.jpg	6.699	0
11	20190221-009-10x.jpg	23.429	0
12	20190221-009-10x.jpg	0.007	0
13	20190221-009-10x.jpg	0.077	0
14	20190221-009-10x.jpg	0.002	0
15	20190221-009-10x.jpg	0.024	0
16	20190221-009-10x.jpg	0.117	0
17	20190221-009-10x.jpg	15.065	0
18	20190221-009-10x.jpg	13.187	0
19	20190221-009-10x.jpg	0.240	0
20	20190221-009-10x.jpg	0.005	0
21	20190221-009-10x.jpg	0.053	0
22	20190221-009-10x.jpg	0.137	0
23	20190221-009-10x.jpg	0.105	0
24	20190221-009-10x.jpg	0.091	0
25	20190221-009-10x.jpg	0.302	0
26	20190221-009-10x.jpg	0.002	0
27	20190221-009-10x.jpg	0.105	0
28	20190221-009-10x.jpg	0.314	0
29	20190221-009-10x.jpg	0.259	0
30	20190221-009-10x.jpg	0.367	0
31	20190221-009-10x.jpg	0.180	0
32	20190221-009-10x.jpg	4.202	0
33	20190221-009-10x.jpg	0.002	0
34	20190221-009-10x.jpg	7.310	0
35	20190221-009-10x.jpg	0.002	0
36	20190221-009-10x.jpg	0.084	0
37	20190221-009-10x.jpg	0.072	0
38	20190221-009-10x.jpg	2.904	0
39	20190221-009-10x.jpg	0.079	0
40	20190221-009-10x.jpg	0.046	0
41	20190221-009-10x.jpg	0.153	0
42	20190221-009-10x.jpg	0.081	0
43	20190221-009-10x.jpg	0.053	0
44	20190221-009-10x.jpg	0.060	0
45	20190221-009-10x.jpg	0.060	0
46	20190221-009-10x.jpg	0.010	0
47	20190221-009-10x.jpg	0.002	0
48	20190221-009-10x.jpg	0.414	0
49	20190221-009-10x.jpg	0.002	0
50	20190221-009-10x.jpg	0.029	0
51	20190221-009-10x.jpg	0.005	0
52	20190221-009-10x.jpg	0.110	0
53	20190221-009-10x.jpg	0.438	0
54	20190221-009-10x.jpg	8.563	0
55	20190221-009-10x.jpg	20.741	0
56	20190221-009-10x.jpg	0.041	0
57	20190221-009-10x.jpg	0.058	0
58	20190221-009-10x.jpg	0.050	0
59	20190221-009-10x.jpg	0.055	0
60	20190221-009-10x.jpg	0.007	0
61	20190221-009-10x.jpg	0.041	0
62	20190221-009-10x.jpg	0.014	0
63	20190221-009-10x.jpg	0.055	0
64	20190221-009-10x.jpg	0.084	0
65	20190221-009-10x.jpg	0.597	0
66	20190221-009-10x.jpg	0.218	0
67	20190221-009-10x.jpg	9.938	0
68	20190221-009-10x.jpg	0.024	0
69	20190221-009-10x.jpg	1.653	0
70	20190221-009-10x.jpg	0.024	0
71	20190221-009-10x.jpg	0.069	0
72	20190221-009-10x.jpg	0.216	0
73	20190221-009-10x.jpg	0.062	0
74	20190221-009-10x.jpg	0.309	0
75	20190221-009-10x.jpg	9.691	0
76	20190221-009-10x.jpg	0.922	0
77	20190221-009-10x.jpg	0.062	0
78	20190221-009-10x.jpg	0.335	0
79	20190221-009-10x.jpg	1.533	0
80	20190221-009-10x.jpg	0.613	0
81	20190221-009-10x.jpg	3.704	0
82	20190221-009-10x.jpg	13.367	0
83	20190221-009-10x.jpg	0.958	0
84	20190221-009-10x.jpg	0.110	0
85	20190221-009-10x.jpg	0.084	0
86	20190221-009-10x.jpg	0.005	0
87	20190221-009-10x.jpg	0.046	0
88	20190221-009-10x.jpg	0.014	0
89	20190221-009-10x.jpg	0.673	0
90	20190221-009-10x.jpg	0.048	0
91	20190221-009-10x.jpg	0.486	0
92	20190221-009-10x.jpg	0.074	0
93	20190221-009-10x.jpg	0.081	0
94	20190221-009-10x.jpg	0.391	0
95	20190221-009-10x.jpg	0.029	0
96	20190221-009-10x.jpg	1.430	0
97	20190221-009-10x.jpg	1.591	0
98	20190221-009-10x.jpg	20.049	0
99	20190221-009-10x.jpg	0.122	0
100	20190221-009-10x.jpg	0.951	0
101	20190221-009-10x.jpg	4.578	0
102	20190221-009-10x.jpg	9.236	0
103	20190221-009-10x.jpg	0.005	0
104	20190221-009-10x.jpg	1.270	0
105	20190221-009-10x.jpg	0.005	0
106	20190221-009-10x.jpg	0.026	0
107	20190221-009-10x.jpg	0.046	0
108	20190221-009-10x.jpg	0.005	0
109	20190221-009-10x.jpg	0.065	0
110	20190221-009-10x.jpg	0.005	0
111	20190221-009-10x.jpg	0.029	0
112	20190221-009-10x.jpg	0.002	0
113	20190221-009-10x.jpg	12.880	0
114	20190221-009-10x.jpg	0.117	0
115	20190221-009-10x.jpg	12.003	0
116	20190221-009-10x.jpg	0.007	0
117	20190221-009-10x.jpg	0.007	0
118	20190221-009-10x.jpg	0.022	0
119	20190221-009-10x.jpg	3.417	0
120	20190221-009-10x.jpg	4.650	0
121	20190221-009-10x.jpg	0.031	0
122	20190221-009-10x.jpg	0.163	0
123	20190221-009-10x.jpg	0.026	0
124	20190221-009-10x.jpg	8.548	0
125	20190221-009-10x.jpg	6.579	0
126	20190221-009-10x.jpg	0.077	0
127	20190221-009-10x.jpg	0.065	0
128	20190221-009-10x.jpg	0.019	0
129	20190221-009-10x.jpg	0.029	0
130	20190221-009-10x.jpg	0.048	0
131	20190221-009-10x.jpg	0.290	0
132	20190221-009-10x.jpg	0.716	0
133	20190221-009-10x.jpg	0.089	0
134	20190221-009-10x.jpg	0.002	0
135	20190221-009-10x.jpg	0.455	0
136	20190221-009-10x.jpg	0.002	0
137	20190221-009-10x.jpg	0.216	0
138	20190221-009-10x.jpg	17.495	0
139	20190221-009-10x.jpg	0.005	0
140	20190221-009-10x.jpg	0.005	0
141	20190221-009-10x.jpg	0.048	0
142	20190221-009-10x.jpg	0.072	0
143	20190221-009-10x.jpg	0.019	0
144	20190221-009-10x.jpg	0.225	0
145	20190221-009-10x.jpg	18.292	0
146	20190221-009-10x.jpg	0.587	0
147	20190221-009-10x.jpg	5.805	0
148	20190221-009-10x.jpg	0.038	0
149	20190221-009-10x.jpg	0.048	0
150	20190221-009-10x.jpg	0.019	0
151	20190221-009-10x.jpg	0.005	0
152	20190221-009-10x.jpg	9.579	0
153	20190221-009-10x.jpg	0.096	0
154	20190221-009-10x.jpg	0.010	0
155	20190221-009-10x.jpg	0.316	0
156	20190221-009-10x.jpg	0.005	0
157	20190221-009-10x.jpg	0.058	0
158	20190221-009-10x.jpg	0.673	0
159	20190221-009-10x.jpg	0.002	0
160	20190221-009-10x.jpg	0.019	0
161	20190221-009-10x.jpg	0.017	0
162	20190221-009-10x.jpg	2.226	0
163	20190221-009-10x.jpg	0.189	0
164	20190221-009-10x.jpg	8.251	0
165	20190221-009-10x.jpg	0.213	0
166	20190221-009-10x.jpg	0.053	0
167	20190221-009-10x.jpg	0.244	0
168	20190221-009-10x.jpg	0.196	0
169	20190221-009-10x.jpg	0.364	0
170	20190221-009-10x.jpg	0.129	0
171	20190221-009-10x.jpg	0.002	0
172	20190221-009-10x.jpg	0.002	0
173	20190221-009-10x.jpg	0.383	0
174	20190221-009-10x.jpg	8.005	0
175	20190221-009-10x.jpg	0.362	0
176	20190221-009-10x.jpg	0.046	0
177	20190221-009-10x.jpg	0.132	0
178	20190221-009-10x.jpg	0.072	0
179	20190221-009-10x.jpg	4.444	0
180	20190221-009-10x.jpg	0.002	0
181	20190221-009-10x.jpg	0.024	0
182	20190221-009-10x.jpg	0.108	0
183	20190221-009-10x.jpg	0.034	0
184	20190221-009-10x.jpg	0.304	0
185	20190221-009-10x.jpg	0.383	0
186	20190221-009-10x.jpg	0.005	0
187	20190221-009-10x.jpg	0.081	0
188	20190221-009-10x.jpg	0.074	0
189	20190221-009-10x.jpg	0.014	0
190	20190221-009-10x.jpg	0.189	0
191	20190221-009-10x.jpg	0.005	0
192	20190221-009-10x.jpg	0.007	0
193	20190221-009-10x.jpg	0.038	0
194	20190221-009-10x.jpg	0.002	0
195	20190221-009-10x.jpg	0.391	0
196	20190221-009-10x.jpg	0.170	0
197	20190221-009-10x.jpg	6.177	0
198	20190221-009-10x.jpg	0.002	0
199	20190221-009-10x.jpg	0.117	0
200	20190221-009-10x.jpg	0.060	0
201	20190221-009-10x.jpg	0.005	0
202	20190221-009-10x.jpg	0.304	0
203	20190221-009-10x.jpg	0.050	0
204	20190221-009-10x.jpg	5.527	0
205	20190221-009-10x.jpg	0.002	0
206	20190221-009-10x.jpg	0.156	0
207	20190221-009-10x.jpg	0.005	0
208	20190221-009-10x.jpg	0.036	0
209	20190221-009-10x.jpg	0.252	0
210	20190221-009-10x.jpg	0.034	0
211	20190221-009-10x.jpg	0.144	0
212	20190221-009-10x.jpg	0.036	0
213	20190221-009-10x.jpg	0.012	0
214	20190221-009-10x.jpg	0.196	0
215	20190221-009-10x.jpg	0.163	0
216	20190221-009-10x.jpg	0.129	0
217	20190221-009-10x.jpg	0.002	0
218	20190221-009-10x.jpg	0.319	0
219	20190221-009-10x.jpg	0.034	0
220	20190221-009-10x.jpg	0.007	0
221	20190221-009-10x.jpg	0.010	0
222	20190221-009-10x.jpg	15.882	0
223	20190221-009-10x.jpg	0.017	0
224	20190221-009-10x.jpg	0.002	0
225	20190221-009-10x.jpg	20.676	0
226	20190221-009-10x.jpg	0.058	0
227	20190221-009-10x.jpg	0.002	0
228	20190221-009-10x.jpg	0.005	0
229	20190221-009-10x.jpg	0.767	0
230	20190221-009-10x.jpg	0.002	0
231	20190221-009-10x.jpg	0.002	0
232	20190221-009-10x.jpg	0.704	0
233	20190221-009-10x.jpg	3.484	0
234	20190221-009-10x.jpg	7.461	0
235	20190221-009-10x.jpg	3.575	0
236	20190221-009-10x.jpg	0.060	0
237	20190221-009-10x.jpg	0.007	0
238	20190221-009-10x.jpg	0.002	0
239	20190221-009-10x.jpg	0.005	0
240	20190221-009-10x.jpg	0.036	0
241	20190221-009-10x.jpg	0.086	0
242	20190221-009-10x.jpg	0.199	0
243	20190221-009-10x.jpg	2.262	0
244	20190221-009-10x.jpg	0.403	0
245	20190221-009-10x.jpg	0.034	0
246	20190221-009-10x.jpg	0.024	0
247	20190221-009-10x.jpg	0.002	0
248	20190221-009-10x.jpg	25.401	0
249	20190221-009-10x.jpg	0.434	0
250	20190221-009-10x.jpg	0.029	0
251	20190221-009-10x.jpg	0.002	0
252	20190221-009-10x.jpg	5.139	0
253	20190221-009-10x.jpg	0.127	0
254	20190221-009-10x.jpg	0.002	0
255	20190221-009-10x.jpg	0.012	0
256	20190221-009-10x.jpg	0.002	0
257	20190221-009-10x.jpg	7.334	0
258	20190221-009-10x.jpg	0.491	0
259	20190221-009-10x.jpg	0.002	0
260	20190221-009-10x.jpg	0.002	0
261	20190221-009-10x.jpg	0.005	0
262	20190221-009-10x.jpg	0.007	0
263	20190221-009-10x.jpg	0.005	0
264	20190221-009-10x.jpg	0.017	0
265	20190221-009-10x.jpg	0.333	0
266	20190221-009-10x.jpg	1.248	0
267	20190221-009-10x.jpg	18.484	0
268	20190221-009-10x.jpg	0.422	0
269	20190221-009-10x.jpg	0.005	0
270	20190221-009-10x.jpg	0.043	0
271	20190221-009-10x.jpg	0.014	0
272	20190221-009-10x.jpg	0.002	0
273	20190221-009-10x.jpg	0.247	0
274	20190221-009-10x.jpg	6.088	0
275	20190221-009-10x.jpg	0.002	0
276	20190221-009-10x.jpg	0.074	0
277	20190221-009-10x.jpg	0.173	0
278	20190221-009-10x.jpg	0.184	0
279	20190221-009-10x.jpg	0.153	0
280	20190221-009-10x.jpg	0.338	0
281	20190221-009-10x.jpg	0.017	0
282	20190221-009-10x.jpg	0.125	0
283	20190221-009-10x.jpg	0.048	0
284	20190221-009-10x.jpg	0.050	0
285	20190221-009-10x.jpg	0.007	0
286	20190221-009-10x.jpg	0.005	0
287	20190221-009-10x.jpg	0.005	0
288	20190221-009-10x.jpg	16.788	0
289	20190221-009-10x.jpg	5.925	0
290	20190221-009-10x.jpg	0.062	0
291	20190221-009-10x.jpg	0.208	0
292	20190221-009-10x.jpg	0.067	0
293	20190221-009-10x.jpg	0.029	0
294	20190221-009-10x.jpg	0.002	0
295	20190221-009-10x.jpg	1.064	0
296	20190221-009-10x.jpg	0.024	0
297	20190221-009-10x.jpg	0.060	0
298	20190221-009-10x.jpg	14.588	0
299	20190221-009-10x.jpg	0.014	0
300	20190221-009-10x.jpg	0.002	0
301	20190221-009-10x.jpg	0.017	0
302	20190221-009-10x.jpg	0.031	0
303	20190221-009-10x.jpg	0.002	0
304	20190221-009-10x.jpg	0.002	0
305	20190221-009-10x.jpg	0.022	0
306	20190221-009-10x.jpg	0.002	0
307	20190221-009-10x.jpg	0.062	0
308	20190221-009-10x.jpg	0.029	0
309	20190221-009-10x.jpg	0.079	0
310	20190221-009-10x.jpg	0.915	0
311	20190221-009-10x.jpg	0.010	0
312	20190221-009-10x.jpg	0.031	0
313	20190221-009-10x.jpg	7.935	0
314	20190221-009-10x.jpg	0.002	0
315	20190221-009-10x.jpg	0.002	0
316	20190221-009-10x.jpg	0.005	0
317	20190221-009-10x.jpg	0.086	0
318	20190221-009-10x.jpg	0.002	0
319	20190221-009-10x.jpg	0.007	0
320	20190221-009-10x.jpg	0.022	0
321	20190221-009-10x.jpg	0.299	0
322	20190221-009-10x.jpg	0.002	0
323	20190221-009-10x.jpg	0.014	0
324	20190221-009-10x.jpg	0.096	0
325	20190221-009-10x.jpg	9.459	0
326	20190221-009-10x.jpg	0.022	0
327	20190221-009-10x.jpg	0.225	0
328	20190221-009-10x.jpg	0.005	0
329	20190221-009-10x.jpg	0.101	0
330	20190221-009-10x.jpg	0.019	0
331	20190221-009-10x.jpg	3.069	0
332	20190221-009-10x.jpg	6.344	0
333	20190221-009-10x.jpg	0.414	0
334	20190221-009-10x.jpg	9.416	0
335	20190221-009-10x.jpg	12.063	0
336	20190221-009-10x.jpg	0.024	0
337	20190221-009-10x.jpg	23.745	0
338	20190221-009-10x.jpg	0.002	0
339	20190221-009-10x.jpg	0.014	0
340	20190221-009-10x.jpg	0.022	0
341	20190221-009-10x.jpg	0.022	0
342	20190221-009-10x.jpg	7.727	0
343	20190221-009-10x.jpg	0.012	0
344	20190221-009-10x.jpg	0.743	0
345	20190221-009-10x.jpg	0.005	0
346	20190221-009-10x.jpg	0.110	0
347	20190221-009-10x.jpg	0.196	0
348	20190221-009-10x.jpg	2.348	0
349	20190221-009-10x.jpg	0.005	0
350	20190221-009-10x.jpg	40.694	0
351	20190221-009-10x.jpg	0.173	0
352	20190221-009-10x.jpg	0.489	0
353	20190221-009-10x.jpg	0.194	0
354	20190221-009-10x.jpg	3.074	0
355	20190221-009-10x.jpg	0.007	0
356	20190221-009-10x.jpg	0.398	0
357	20190221-009-10x.jpg	0.010	0
358	20190221-009-10x.jpg	17.061	0
359	20190221-009-10x.jpg	0.005	0
360	20190221-009-10x.jpg	13.510	0
361	20190221-009-10x.jpg	0.007	0
362	20190221-009-10x.jpg	0.271	0
363	20190221-009-10x.jpg	0.062	0
364	20190221-009-10x.jpg	0.005	0
365	20190221-009-10x.jpg	0.017	0
366	20190221-009-10x.jpg	0.012	0
367	20190221-009-10x.jpg	0.012	0
368	20190221-009-10x.jpg	0.034	0
369	20190221-009-10x.jpg	6.229	0
370	20190221-009-10x.jpg	0.005	0
371	20190221-009-10x.jpg	0.014	0
372	20190221-009-10x.jpg	0.007	0
373	20190221-009-10x.jpg	0.002	0
374	20190221-009-10x.jpg	0.122	0
375	20190221-009-10x.jpg	0.002	0
376	20190221-009-10x.jpg	23.007	0
377	20190221-009-10x.jpg	11.148	0
378	20190221-009-10x.jpg	0.129	0
379	20190221-009-10x.jpg	0.002	0
380	20190221-009-10x.jpg	0.010	0
381	20190221-009-10x.jpg	0.122	0
382	20190221-009-10x.jpg	0.017	0
383	20190221-009-10x.jpg	0.002	0
384	20190221-009-10x.jpg	0.177	0
385	20190221-009-10x.jpg	0.026	0
386	20190221-009-10x.jpg	0.010	0
387	20190221-009-10x.jpg	0.244	0
388	20190221-009-10x.jpg	6.517	0
389	20190221-009-10x.jpg	0.005	0
390	20190221-009-10x.jpg	0.002	0
391	20190221-009-10x.jpg	0.043	0
392	20190221-009-10x.jpg	0.007	0
393	20190221-009-10x.jpg	0.002	0
394	20190221-009-10x.jpg	6.306	0
395	20190221-009-10x.jpg	0.007	0
396	20190221-009-10x.jpg	20.183	0
397	20190221-009-10x.jpg	0.065	0
398	20190221-009-10x.jpg	0.144	0
399	20190221-009-10x.jpg	0.002	0
400	20190221-009-10x.jpg	0.002	0
401	20190221-009-10x.jpg	0.002	0
402	20190221-009-10x.jpg	0.024	0
403	20190221-009-10x.jpg	0.005	0
404	20190221-009-10x.jpg	2.247	0
405	20190221-009-10x.jpg	0.110	0
406	20190221-009-10x.jpg	5.175	0
407	20190221-009-10x.jpg	0.022	0
408	20190221-009-10x.jpg	0.017	0
409	20190221-009-10x.jpg	0.019	0
410	20190221-009-10x.jpg	0.002	0
411	20190221-009-10x.jpg	0.048	0
412	20190221-009-10x.jpg	0.007	0
413	20190221-009-10x.jpg	0.007	0
414	20190221-009-10x.jpg	0.050	0
415	20190221-009-10x.jpg	0.098	0
416	20190221-009-10x.jpg	12.099	0
417	20190221-009-10x.jpg	0.038	0
418	20190221-009-10x.jpg	0.081	0
419	20190221-009-10x.jpg	0.002	0
420	20190221-009-10x.jpg	0.014	0
421	20190221-009-10x.jpg	0.002	0
422	20190221-009-10x.jpg	0.019	0
423	20190221-009-10x.jpg	0.022	0
424	20190221-009-10x.jpg	0.017	0
425	20190221-009-10x.jpg	0.127	0
426	20190221-009-10x.jpg	0.002	0
427	20190221-009-10x.jpg	0.022	0
428	20190221-009-10x.jpg	0.187	0
429	20190221-009-10x.jpg	7.233	0
430	20190221-009-10x.jpg	13.858	0
431	20190221-009-10x.jpg	0.024	0
432	20190221-009-10x.jpg	8.376	0
433	20190221-009-10x.jpg	0.012	0
434	20190221-009-10x.jpg	13.570	0
435	20190221-009-10x.jpg	0.007	0
436	20190221-009-10x.jpg	0.007	0
437	20190221-009-10x.jpg	0.002	0
438	20190221-009-10x.jpg	12.835	0
439	20190221-009-10x.jpg	0.005	0
440	20190221-009-10x.jpg	0.158	0
441	20190221-009-10x.jpg	0.005	0
442	20190221-009-10x.jpg	2.693	0
443	20190221-009-10x.jpg	0.067	0
444	20190221-009-10x.jpg	1.778	0
445	20190221-009-10x.jpg	16.361	0
446	20190221-009-10x.jpg	0.069	0
447	20190221-009-10x.jpg	4.646	0
448	20190221-009-10x.jpg	1.121	0
449	20190221-009-10x.jpg	7.295	0
450	20190221-009-10x.jpg	0.029	0
451	20190221-009-10x.jpg	0.920	0
452	20190221-009-10x.jpg	0.002	0
453	20190221-009-10x.jpg	0.024	0
454	20190221-009-10x.jpg	0.695	0
455	20190221-009-10x.jpg	0.002	0
456	20190221-009-10x.jpg	11.110	0
457	20190221-009-10x.jpg	0.137	0
458	20190221-009-10x.jpg	0.002	0
459	20190221-009-10x.jpg	8.024	0
460	20190221-009-10x.jpg	6.287	0
461	20190221-009-10x.jpg	0.973	0
462	20190221-009-10x.jpg	2.556	0
463	20190221-009-10x.jpg	0.007	0
464	20190221-009-10x.jpg	14.821	0
465	20190221-009-10x.jpg	0.002	0
466	20190221-009-10x.jpg	0.012	0
467	20190221-009-10x.jpg	6.960	0
468	20190221-009-10x.jpg	0.002	0
469	20190221-009-10x.jpg	0.520	0
470	20190221-009-10x.jpg	1.938	0
471	20190221-009-10x.jpg	0.046	0
472	20190221-009-10x.jpg	0.017	0
473	20190221-009-10x.jpg	0.002	0
474	20190221-009-10x.jpg	0.551	0
475	20190221-009-10x.jpg	0.060	0
476	20190221-009-10x.jpg	0.005	0
477	20190221-009-10x.jpg	0.098	0
478	20190221-009-10x.jpg	0.764	0
479	20190221-009-10x.jpg	0.125	0
480	20190221-009-10x.jpg	1.603	0
481	20190221-009-10x.jpg	0.038	0
482	20190221-009-10x.jpg	0.105	0
483	20190221-009-10x.jpg	6.114	0
484	20190221-009-10x.jpg	0.055	0
485	20190221-009-10x.jpg	0.022	0
486	20190221-009-10x.jpg	0.053	0
487	20190221-009-10x.jpg	0.007	0
488	20190221-009-10x.jpg	14.464	0
489	20190221-009-10x.jpg	0.017	0
490	20190221-009-10x.jpg	0.050	0
491	20190221-009-10x.jpg	0.005	0
492	20190221-009-10x.jpg	0.046	0
493	20190221-009-10x.jpg	0.002	0
494	20190221-009-10x.jpg	0.074	0
495	20190221-009-10x.jpg	0.029	0
496	20190221-009-10x.jpg	0.606	0
497	20190221-009-10x.jpg	0.034	0
498	20190221-009-10x.jpg	0.002	0
499	20190221-009-10x.jpg	1.001	0
500	20190221-009-10x.jpg	0.005	0
501	20190221-009-10x.jpg	0.012	0
502	20190221-009-10x.jpg	0.060	0
503	20190221-009-10x.jpg	0.125	0
504	20190221-009-10x.jpg	9.265	0
505	20190221-009-10x.jpg	0.002	0
506	20190221-009-10x.jpg	0.426	0
507	20190221-009-10x.jpg	0.017	0
508	20190221-009-10x.jpg	0.034	0
509	20190221-009-10x.jpg	0.002	0
510	20190221-009-10x.jpg	0.002	0
511	20190221-009-10x.jpg	0.007	0
512	20190221-009-10x.jpg	0.014	0
513	20190221-009-10x.jpg	0.005	0
514	20190221-009-10x.jpg	2.255	0
515	20190221-009-10x.jpg	13.609	0
516	20190221-009-10x.jpg	0.002	0
517	20190221-009-10x.jpg	0.326	0
518	20190221-009-10x.jpg	0.010	0
519	20190221-009-10x.jpg	21.402	0
520	20190221-009-10x.jpg	4.897	0
521	20190221-009-10x.jpg	0.002	0
522	20190221-009-10x.jpg	0.002	0
523	20190221-009-10x.jpg	0.125	0
524	20190221-009-10x.jpg	0.017	0
525	20190221-009-10x.jpg	0.005	0
526	20190221-009-10x.jpg	0.141	0
527	20190221-009-10x.jpg	0.017	0
528	20190221-009-10x.jpg	0.012	0
529	20190221-009-10x.jpg	0.022	0
530	20190221-009-10x.jpg	0.007	0
531	20190221-009-10x.jpg	0.048	0
532	20190221-009-10x.jpg	0.012	0
533	20190221-009-10x.jpg	0.012	0
534	20190221-009-10x.jpg	0.005	0
535	20190221-009-10x.jpg	13.764	0
536	20190221-009-10x.jpg	0.002	0
537	20190221-009-10x.jpg	6.701	0
538	20190221-009-10x.jpg	0.002	0
539	20190221-009-10x.jpg	0.005	0
540	20190221-009-10x.jpg	0.010	0
541	20190221-009-10x.jpg	0.002	0
542	20190221-009-10x.jpg	0.046	0
543	20190221-009-10x.jpg	0.470	0
544	20190221-009-10x.jpg	0.022	0
545	20190221-009-10x.jpg	0.201	0
546	20190221-009-10x.jpg	0.029	0
547	20190221-009-10x.jpg	0.007	0
548	20190221-009-10x.jpg	0.002	0
549	20190221-009-10x.jpg	0.043	0
550	20190221-009-10x.jpg	0.002	0
551	20190221-009-10x.jpg	0.060	0
552	20190221-009-10x.jpg	0.184	0
553	20190221-009-10x.jpg	0.002	0
554	20190221-009-10x.jpg	0.065	0
555	20190221-009-10x.jpg	0.093	0
556	20190221-009-10x.jpg	0.060	0
557	20190221-009-10x.jpg	0.002	0
558	20190221-009-10x.jpg	0.002	0
559	20190221-009-10x.jpg	0.002	0
560	20190221-009-10x.jpg	0.048	0
561	20190221-009-10x.jpg	0.065	0
562	20190221-009-10x.jpg	16.100	0
563	20190221-009-10x.jpg	0.369	0
564	20190221-009-10x.jpg	0.062	0
565	20190221-009-10x.jpg	0.005	0
566	20190221-009-10x.jpg	0.029	0
567	20190221-009-10x.jpg	0.069	0
568	20190221-009-10x.jpg	0.005	0
569	20190221-009-10x.jpg	0.017	0
570	20190221-009-10x.jpg	0.002	0
571	20190221-009-10x.jpg	0.067	0
572	20190221-009-10x.jpg	0.149	0
573	20190221-009-10x.jpg	6.610	0
574	20190221-009-10x.jpg	0.074	0
575	20190221-009-10x.jpg	0.012	0
576	20190221-009-10x.jpg	0.005	0
577	20190221-009-10x.jpg	0.448	0
578	20190221-009-10x.jpg	0.002	0
579	20190221-009-10x.jpg	0.367	0
580	20190221-009-10x.jpg	0.060	0
581	20190221-009-10x.jpg	0.055	0
582	20190221-009-10x.jpg	0.022	0
583	20190221-009-10x.jpg	0.005	0
584	20190221-009-10x.jpg	0.007	0
585	20190221-009-10x.jpg	0.012	0
586	20190221-009-10x.jpg	0.002	0
587	20190221-009-10x.jpg	0.002	0
588	20190221-009-10x.jpg	0.125	0
589	20190221-009-10x.jpg	0.259	0
590	20190221-009-10x.jpg	0.577	0
591	20190221-009-10x.jpg	0.010	0
592	20190221-009-10x.jpg	0.034	0
593	20190221-009-10x.jpg	0.019	0
594	20190221-009-10x.jpg	0.005	0
595	20190221-009-10x.jpg	0.007	0
596	20190221-009-10x.jpg	0.002	0
597	20190221-009-10x.jpg	1.428	0
598	20190221-009-10x.jpg	0.002	0
599	20190221-009-10x.jpg	0.024	0
600	20190221-009-10x.jpg	0.074	0
601	20190221-009-10x.jpg	0.043	0
602	20190221-009-10x.jpg	0.005	0
603	20190221-009-10x.jpg	0.002	0
604	20190221-009-10x.jpg	0.046	0
605	20190221-009-10x.jpg	0.017	0
606	20190221-009-10x.jpg	0.170	0
607	20190221-009-10x.jpg	0.002	0
608	20190221-009-10x.jpg	0.309	0
609	20190221-009-10x.jpg	0.005	0
610	20190221-009-10x.jpg	0.137	0
611	20190221-009-10x.jpg	17.289	0
612	20190221-009-10x.jpg	0.007	0
613	20190221-009-10x.jpg	0.081	0
614	20190221-009-10x.jpg	0.218	0
615	20190221-009-10x.jpg	0.002	0
616	20190221-009-10x.jpg	0.002	0
617	20190221-009-10x.jpg	0.005	0
618	20190221-009-10x.jpg	0.086	0
619	20190221-009-10x.jpg	0.002	0
620	20190221-009-10x.jpg	0.029	0
621	20190221-009-10x.jpg	0.005	0
622	20190221-009-10x.jpg	0.043	0
623	20190221-009-10x.jpg	0.010	0
624	20190221-009-10x.jpg	13.886	0
625	20190221-009-10x.jpg	0.024	0
626	20190221-009-10x.jpg	12.142	0
627	20190221-009-10x.jpg	0.069	0
628	20190221-009-10x.jpg	10.489	0
629	20190221-009-10x.jpg	0.132	0
630	20190221-009-10x.jpg	0.002	0
631	20190221-009-10x.jpg	0.002	0
632	20190221-009-10x.jpg	0.007	0
633	20190221-009-10x.jpg	6.900	0
634	20190221-009-10x.jpg	0.024	0
635	20190221-009-10x.jpg	0.012	0
636	20190221-009-10x.jpg	0.005	0
637	20190221-009-10x.jpg	0.038	0
638	20190221-009-10x.jpg	0.010	0
639	20190221-009-10x.jpg	0.005	0
640	20190221-009-10x.jpg	0.007	0
641	20190221-009-10x.jpg	0.002	0
642	20190221-009-10x.jpg	2.233	0
643	20190221-009-10x.jpg	0.002	0
644	20190221-009-10x.jpg	0.012	0
645	20190221-009-10x.jpg	0.002	0
646	20190221-009-10x.jpg	8.668	0
647	20190221-009-10x.jpg	0.010	0
648	20190221-009-10x.jpg	0.002	0
649	20190221-009-10x.jpg	0.005	0
650	20190221-009-10x.jpg	1.505	0
651	20190221-009-10x.jpg	0.010	0
652	20190221-009-10x.jpg	0.132	0
653	20190221-009-10x.jpg	7.949	0
654	20190221-009-10x.jpg	0.005	0
655	20190221-009-10x.jpg	0.002	0
656	20190221-009-10x.jpg	0.019	0
657	20190221-009-10x.jpg	0.491	0
658	20190221-009-10x.jpg	0.208	0
659	20190221-009-10x.jpg	0.002	0
660	20190221-009-10x.jpg	0.002	0
661	20190221-009-10x.jpg	0.002	0
662	20190221-009-10x.jpg	8.170	0
663	20190221-009-10x.jpg	6.840	0
664	20190221-009-10x.jpg	0.086	0
665	20190221-009-10x.jpg	0.084	0
666	20190221-009-10x.jpg	0.012	0
667	20190221-009-10x.jpg	0.038	0
668	20190221-009-10x.jpg	0.180	0
669	20190221-009-10x.jpg	0.002	0
670	20190221-009-10x.jpg	0.002	0
671	20190221-009-10x.jpg	0.002	0
672	20190221-009-10x.jpg	0.002	0
673	20190221-009-10x.jpg	0.963	0
674	20190221-009-10x.jpg	0.065	0
675	20190221-009-10x.jpg	0.002	0
676	20190221-009-10x.jpg	0.005	0
677	20190221-009-10x.jpg	0.005	0
678	20190221-009-10x.jpg	0.002	0
679	20190221-009-10x.jpg	0.024	0
680	20190221-009-10x.jpg	0.750	0
681	20190221-009-10x.jpg	0.577	0
682	20190221-009-10x.jpg	0.328	0
683	20190221-009-10x.jpg	0.010	0
684	20190221-009-10x.jpg	1.016	0
685	20190221-009-10x.jpg	0.101	0
686	20190221-009-10x.jpg	10.417	0
687	20190221-009-10x.jpg	0.496	0
688	20190221-009-10x.jpg	0.002	0
689	20190221-009-10x.jpg	4.698	0
690	20190221-009-10x.jpg	0.299	0
691	20190221-009-10x.jpg	1.682	0
692	20190221-009-10x.jpg	0.683	0
693	20190221-009-10x.jpg	0.022	0
694	20190221-009-10x.jpg	0.211	0
695	20190221-009-10x.jpg	2.422	0
696	20190221-009-10x.jpg	0.022	0
697	20190221-009-10x.jpg	0.002	0
698	20190221-009-10x.jpg	0.005	0
699	20190221-009-10x.jpg	1.073	0
700	20190221-009-10x.jpg	6.002	0
701	20190221-009-10x.jpg	0.189	0
702	20190221-009-10x.jpg	0.007	0
703	20190221-009-10x.jpg	0.491	0
704	20190221-009-10x.jpg	0.026	0
705	20190221-009-10x.jpg	0.002	0
706	20190221-009-10x.jpg	0.007	0
707	20190221-009-10x.jpg	0.031	0
708	20190221-009-10x.jpg	0.077	0
709	20190221-009-10x.jpg	0.084	0
710	20190221-009-10x.jpg	0.002	0
711	20190221-009-10x.jpg	0.577	0
712	20190221-009-10x.jpg	2.650	0
713	20190221-009-10x.jpg	0.002	0
714	20190221-009-10x.jpg	0.002	0
715	20190221-009-10x.jpg	0.048	0
716	20190221-009-10x.jpg	1.414	0
717	20190221-009-10x.jpg	0.038	0
718	20190221-009-10x.jpg	8.881	0
719	20190221-009-10x.jpg	0.002	0
720	20190221-009-10x.jpg	0.002	0
721	20190221-009-10x.jpg	0.005	0
722	20190221-009-10x.jpg	0.019	0
723	20190221-009-10x.jpg	0.249	0
724	20190221-009-10x.jpg	0.129	0
725	20190221-009-10x.jpg	3.960	0
726	20190221-009-10x.jpg	0.002	0
727	20190221-009-10x.jpg	0.002	0
728	20190221-009-10x.jpg	0.012	0
729	20190221-009-10x.jpg	0.007	0
730	20190221-009-10x.jpg	0.029	0
731	20190221-009-10x.jpg	0.007	0
732	20190221-009-10x.jpg	0.002	0
733	20190221-009-10x.jpg	0.036	0
734	20190221-009-10x.jpg	0.163	0
735	20190221-009-10x.jpg	0.144	0
736	20190221-009-10x.jpg	4.404	0
737	20190221-009-10x.jpg	0.376	0
738	20190221-009-10x.jpg	0.002	0
739	20190221-009-10x.jpg	0.002	0
740	20190221-009-10x.jpg	0.038	0
741	20190221-009-10x.jpg	0.048	0
742	20190221-009-10x.jpg	0.010	0
743	20190221-009-10x.jpg	11.069	0
744	20190221-009-10x.jpg	0.010	0
745	20190221-009-10x.jpg	0.105	0
746	20190221-009-10x.jpg	0.002	0
747	20190221-009-10x.jpg	0.002	0
748	20190221-009-10x.jpg	0.002	0
749	20190221-009-10x.jpg	0.002	0
750	20190221-009-10x.jpg	0.005	0
751	20190221-009-10x.jpg	0.002	0
752	20190221-009-10x.jpg	0.002	0
753	20190221-009-10x.jpg	0.053	0
754	20190221-009-10x.jpg	0.022	0
755	20190221-009-10x.jpg	19.373	0
756	20190221-009-10x.jpg	0.002	0
757	20190221-009-10x.jpg	0.034	0
758	20190221-009-10x.jpg	0.005	0
759	20190221-009-10x.jpg	0.029	0
760	20190221-009-10x.jpg	0.168	0
761	20190221-009-10x.jpg	12.945	0
762	20190221-009-10x.jpg	0.280	0
763	20190221-009-10x.jpg	0.017	0
764	20190221-009-10x.jpg	10.973	0
765	20190221-009-10x.jpg	0.002	0
766	20190221-009-10x.jpg	14.941	0
767	20190221-009-10x.jpg	0.019	0
768	20190221-009-10x.jpg	0.065	0
769	20190221-009-10x.jpg	1.759	0
770	20190221-009-10x.jpg	4.188	0
771	20190221-009-10x.jpg	4.375	0
772	20190221-009-10x.jpg	50.471	0
773	20190221-009-10x.jpg	0.017	0
774	20190221-009-10x.jpg	0.002	0
775	20190221-009-10x.jpg	0.012	0
776	20190221-009-10x.jpg	0.005	0
777	20190221-009-10x.jpg	0.005	0
778	20190221-009-10x.jpg	0.005	0
779	20190221-009-10x.jpg	0.026	0
780	20190221-009-10x.jpg	0.019	0
781	20190221-009-10x.jpg	12.425	0
782	20190221-009-10x.jpg	0.002	0
783	20190221-009-10x.jpg	0.002	0
784	20190221-009-10x.jpg	0.002	0
785	20190221-009-10x.jpg	0.002	0
786	20190221-009-10x.jpg	0.043	0
787	20190221-009-10x.jpg	0.199	0
788	20190221-009-10x.jpg	1.361	0
789	20190221-009-10x.jpg	0.101	0
790	20190221-009-10x.jpg	14.648	0
791	20190221-009-10x.jpg	0.010	0
792	20190221-009-10x.jpg	0.002	0
793	20190221-009-10x.jpg	0.002	0
794	20190221-009-10x.jpg	0.038	0
795	20190221-009-10x.jpg	0.002	0
796	20190221-009-10x.jpg	0.012	0
797	20190221-009-10x.jpg	0.077	0
798	20190221-009-10x.jpg	0.122	0
799	20190221-009-10x.jpg	0.184	0
800	20190221-009-10x.jpg	14.457	0
801	20190221-009-10x.jpg	0.005	0
802	20190221-009-10x.jpg	12.046	0
803	20190221-009-10x.jpg	0.069	0
804	20190221-009-10x.jpg	0.010	0
805	20190221-009-10x.jpg	0.177	0
806	20190221-009-10x.jpg	0.081	0
807	20190221-009-10x.jpg	2.897	0
808	20190221-009-10x.jpg	0.002	0
809	20190221-009-10x.jpg	0.002	0
810	20190221-009-10x.jpg	0.002	0
811	20190221-009-10x.jpg	0.026	0
812	20190221-009-10x.jpg	2.729	0
813	20190221-009-10x.jpg	1.217	0
814	20190221-009-10x.jpg	2.123	0
815	20190221-009-10x.jpg	0.125	0
816	20190221-009-10x.jpg	0.208	0
817	20190221-009-10x.jpg	0.034	0
818	20190221-009-10x.jpg	14.207	0
819	20190221-009-10x.jpg	0.002	0
820	20190221-009-10x.jpg	0.007	0
821	20190221-009-10x.jpg	0.005	0
822	20190221-009-10x.jpg	0.022	0
823	20190221-009-10x.jpg	0.005	0
824	20190221-009-10x.jpg	4.483	0
825	20190221-009-10x.jpg	11.349	0
826	20190221-009-10x.jpg	0.067	0
827	20190221-009-10x.jpg	0.036	0
828	20190221-009-10x.jpg	0.149	0
829	20190221-009-10x.jpg	0.029	0
830	20190221-009-10x.jpg	0.376	0
831	20190221-009-10x.jpg	0.208	0
832	20190221-009-10x.jpg	0.165	0
833	20190221-009-10x.jpg	0.012	0
834	20190221-009-10x.jpg	0.002	0
835	20190221-009-10x.jpg	0.014	0
836	20190221-009-10x.jpg	0.012	0
837	20190221-009-10x.jpg	0.024	0
838	20190221-009-10x.jpg	0.005	0
839	20190221-009-10x.jpg	0.137	0
840	20190221-009-10x.jpg	0.007	0
841	20190221-009-10x.jpg	18.925	0
842	20190221-009-10x.jpg	0.014	0
843	20190221-009-10x.jpg	0.007	0
844	20190221-009-10x.jpg	0.165	0
845	20190221-009-10x.jpg	0.002	0
846	20190221-009-10x.jpg	0.065	0
847	20190221-009-10x.jpg	0.419	0
848	20190221-009-10x.jpg	9.698	0
849	20190221-009-10x.jpg	0.043	0
850	20190221-009-10x.jpg	0.002	0
851	20190221-009-10x.jpg	10.659	0
852	20190221-009-10x.jpg	12.396	0
853	20190221-009-10x.jpg	0.074	0
854	20190221-009-10x.jpg	0.002	0
855	20190221-009-10x.jpg	0.014	0
856	20190221-009-10x.jpg	17.150	0
857	20190221-009-10x.jpg	2.544	0
858	20190221-009-10x.jpg	4.600	0
859	20190221-009-10x.jpg	6.761	0
860	20190221-009-10x.jpg	0.005	0
861	20190221-009-10x.jpg	0.007	0
862	20190221-009-10x.jpg	0.019	0
863	20190221-009-10x.jpg	2.535	0
864	20190221-009-10x.jpg	0.010	0
865	20190221-009-10x.jpg	0.024	0
866	20190221-009-10x.jpg	0.829	0
867	20190221-009-10x.jpg	0.002	0
868	20190221-009-10x.jpg	1.282	0
869	20190221-009-10x.jpg	0.002	0
870	20190221-009-10x.jpg	0.002	0
871	20190221-009-10x.jpg	0.002	0
872	20190221-009-10x.jpg	12.964	0
873	20190221-009-10x.jpg	0.010	0
874	20190221-009-10x.jpg	4.820	0
875	20190221-009-10x.jpg	0.288	0
876	20190221-009-10x.jpg	0.002	0
877	20190221-009-10x.jpg	0.079	0
878	20190221-009-10x.jpg	1.303	0
879	20190221-009-10x.jpg	0.458	0
880	20190221-009-10x.jpg	0.012	0
881	20190221-009-10x.jpg	12.080	0
882	20190221-009-10x.jpg	7.971	0
883	20190221-009-10x.jpg	0.012	0
884	20190221-009-10x.jpg	0.024	0
885	20190221-009-10x.jpg	0.249	0
886	20190221-009-10x.jpg	0.005	0
887	20190221-009-10x.jpg	0.484	0
888	20190221-009-10x.jpg	0.105	0
889	20190221-009-10x.jpg	0.010	0
890	20190221-009-10x.jpg	0.005	0
891	20190221-009-10x.jpg	0.002	0
892	20190221-009-10x.jpg	0.434	0
893	20190221-009-10x.jpg	0.010	0
894	20190221-009-10x.jpg	1.509	0
895	20190221-009-10x.jpg	0.002	0
896	20190221-009-10x.jpg	0.007	0
897	20190221-009-10x.jpg	0.005	0
898	20190221-009-10x.jpg	0.019	0
899	20190221-009-10x.jpg	0.139	0
900	20190221-009-10x.jpg	0.007	0
901	20190221-009-10x.jpg	0.002	0
902	20190221-009-10x.jpg	2.250	0
903	20190221-009-10x.jpg	0.630	0
904	20190221-009-10x.jpg	0.307	0
905	20190221-009-10x.jpg	19.371	0
906	20190221-009-10x.jpg	0.019	0
907	20190221-009-10x.jpg	0.007	0
908	20190221-009-10x.jpg	6.198	0
909	20190221-009-10x.jpg	0.201	0
910	20190221-009-10x.jpg	0.002	0
911	20190221-009-10x.jpg	0.005	0
912	20190221-009-10x.jpg	0.002	0
913	20190221-009-10x.jpg	0.002	0
914	20190221-009-10x.jpg	0.005	0
915	20190221-009-10x.jpg	0.024	0
916	20190221-009-10x.jpg	0.002	0
917	20190221-009-10x.jpg	4.682	0
918	20190221-009-10x.jpg	0.002	0
919	20190221-009-10x.jpg	0.120	0
920	20190221-009-10x.jpg	0.208	0
921	20190221-009-10x.jpg	0.189	0
922	20190221-009-10x.jpg	0.024	0
923	20190221-009-10x.jpg	0.007	0
924	20190221-009-10x.jpg	0.093	0
925	20190221-009-10x.jpg	0.079	0
926	20190221-009-10x.jpg	4.178	0
927	20190221-009-10x.jpg	0.005	0
928	20190221-009-10x.jpg	0.002	0
929	20190221-009-10x.jpg	0.026	0
930	20190221-009-10x.jpg	0.002	0
931	20190221-009-10x.jpg	0.002	0
932	20190221-009-10x.jpg	0.096	0
933	20190221-009-10x.jpg	0.010	0
934	20190221-009-10x.jpg	0.012	0
935	20190221-009-10x.jpg	0.002	0
936	20190221-009-10x.jpg	0.096	0
937	20190221-009-10x.jpg	0.132	0
938	20190221-009-10x.jpg	0.573	0
939	20190221-009-10x.jpg	0.963	0
940	20190221-009-10x.jpg	8.750	0
941	20190221-009-10x.jpg	0.010	0
942	20190221-009-10x.jpg	0.002	0
943	20190221-009-10x.jpg	0.522	0
944	20190221-009-10x.jpg	0.017	0
945	20190221-009-10x.jpg	0.002	0
946	20190221-009-10x.jpg	0.036	0
947	20190221-009-10x.jpg	0.002	0
948	20190221-009-10x.jpg	0.022	0
949	20190221-009-10x.jpg	1.145	0
950	20190221-009-10x.jpg	0.055	0
951	20190221-009-10x.jpg	5.637	0
952	20190221-009-10x.jpg	0.019	0
953	20190221-009-10x.jpg	0.137	0
954	20190221-009-10x.jpg	0.103	0
955	20190221-009-10x.jpg	0.012	0
956	20190221-009-10x.jpg	1.263	0
957	20190221-009-10x.jpg	1.100	0
958	20190221-009-10x.jpg	14.881	0
959	20190221-009-10x.jpg	0.002	0
960	20190221-009-10x.jpg	0.005	0
961	20190221-009-10x.jpg	0.163	0
962	20190221-009-10x.jpg	0.048	0
963	20190221-009-10x.jpg	0.024	0
964	20190221-009-10x.jpg	1.543	0
965	20190221-009-10x.jpg	0.038	0
966	20190221-009-10x.jpg	0.182	0
967	20190221-009-10x.jpg	0.012	0
968	20190221-009-10x.jpg	6.270	0
969	20190221-009-10x.jpg	0.127	0
970	20190221-009-10x.jpg	0.175	0
971	20190221-009-10x.jpg	0.010	0
972	20190221-009-10x.jpg	3.697	0
973	20190221-009-10x.jpg	6.150	0
974	20190221-009-10x.jpg	0.002	0
975	20190221-009-10x.jpg	0.014	0
976	20190221-009-10x.jpg	7.439	0
977	20190221-009-10x.jpg	0.005	0
978	20190221-009-10x.jpg	0.036	0
979	20190221-009-10x.jpg	0.424	0
980	20190221-009-10x.jpg	0.002	0
981	20190221-009-10x.jpg	0.010	0
982	20190221-009-10x.jpg	0.055	0
983	20190221-009-10x.jpg	17.104	0
984	20190221-009-10x.jpg	0.046	0
985	20190221-009-10x.jpg	0.005	0
986	20190221-009-10x.jpg	0.002	0
987	20190221-009-10x.jpg	0.829	0
988	20190221-009-10x.jpg	0.652	0
989	20190221-009-10x.jpg	0.108	0
990	20190221-009-10x.jpg	0.379	0
991	20190221-009-10x.jpg	0.089	0
992	20190221-009-10x.jpg	0.014	0
993	20190221-009-10x.jpg	0.002	0
994	20190221-009-10x.jpg	0.002	0
995	20190221-009-10x.jpg	18.096	0
996	20190221-009-10x.jpg	0.019	0
997	20190221-009-10x.jpg	0.005	0
998	20190221-009-10x.jpg	0.005	0
999	20190221-009-10x.jpg	11.165	0
1000	20190221-009-10x.jpg	0.002	0
1001	20190221-009-10x.jpg	0.086	0
1002	20190221-009-10x.jpg	0.180	0
1003	20190221-009-10x.jpg	0.252	0
1004	20190221-009-10x.jpg	0.506	0
1005	20190221-009-10x.jpg	0.503	0
1006	20190221-009-10x.jpg	0.208	0
1007	20190221-009-10x.jpg	0.163	0
1008	20190221-009-10x.jpg	0.362	0
1009	20190221-009-10x.jpg	0.034	0
1010	20190221-009-10x.jpg	6.193	0
1011	20190221-009-10x.jpg	0.002	0
1012	20190221-009-10x.jpg	0.069	0
1013	20190221-009-10x.jpg	0.017	0
1014	20190221-009-10x.jpg	0.005	0
1015	20190221-009-10x.jpg	0.204	0
1016	20190221-009-10x.jpg	0.058	0
1017	20190221-009-10x.jpg	11.050	0
1018	20190221-009-10x.jpg	1.042	0
1019	20190221-009-10x.jpg	0.031	0
1020	20190221-009-10x.jpg	16.395	0
1021	20190221-009-10x.jpg	0.266	0
1022	20190221-009-10x.jpg	0.005	0
1023	20190221-009-10x.jpg	0.002	0
1024	20190221-009-10x.jpg	0.683	0
1025	20190221-009-10x.jpg	21.570	0
1026	20190221-009-10x.jpg	0.055	0
1027	20190221-009-10x.jpg	3.124	0
1028	20190221-009-10x.jpg	0.137	0
1029	20190221-009-10x.jpg	0.017	0
1030	20190221-009-10x.jpg	0.002	0
1031	20190221-009-10x.jpg	0.014	0
1032	20190221-009-10x.jpg	0.031	0
1033	20190221-009-10x.jpg	0.002	0
1034	20190221-009-10x.jpg	0.024	0
1035	20190221-009-10x.jpg	0.019	0
1036	20190221-009-10x.jpg	12.248	0
1037	20190221-009-10x.jpg	0.034	0
1038	20190221-009-10x.jpg	9.373	0
1039	20190221-009-10x.jpg	1.313	0
1040	20190221-009-10x.jpg	1.272	0
1041	20190221-009-10x.jpg	0.005	0
1042	20190221-009-10x.jpg	0.012	0
1043	20190221-009-10x.jpg	0.024	0
1044	20190221-009-10x.jpg	0.038	0
1045	20190221-009-10x.jpg	1.627	0
1046	20190221-009-10x.jpg	0.007	0
1047	20190221-009-10x.jpg	0.010	0
1048	20190221-009-10x.jpg	0.026	0
1049	20190221-009-10x.jpg	0.002	0
1050	20190221-009-10x.jpg	0.038	0
1051	20190221-009-10x.jpg	1.303	0
1052	20190221-009-10x.jpg	0.158	0
1053	20190221-009-10x.jpg	0.007	0
1054	20190221-009-10x.jpg	0.005	0
1055	20190221-009-10x.jpg	0.002	0
1056	20190221-009-10x.jpg	14.706	0
1057	20190221-009-10x.jpg	0.002	0
1058	20190221-009-10x.jpg	0.002	0
1059	20190221-009-10x.jpg	0.002	0
1060	20190221-009-10x.jpg	0.134	0
1061	20190221-009-10x.jpg	0.436	0
1062	20190221-009-10x.jpg	0.005	0
1063	20190221-009-10x.jpg	12.046	0
1064	20190221-009-10x.jpg	0.005	0
1065	20190221-009-10x.jpg	0.019	0
1066	20190221-009-10x.jpg	0.002	0
1067	20190221-009-10x.jpg	0.266	0
1068	20190221-009-10x.jpg	1.596	0
1069	20190221-009-10x.jpg	1.694	0
1070	20190221-009-10x.jpg	0.005	0
1071	20190221-009-10x.jpg	0.007	0
1072	20190221-009-10x.jpg	9.078	0
1073	20190221-009-10x.jpg	0.002	0
1074	20190221-009-10x.jpg	0.019	0
1075	20190221-009-10x.jpg	0.002	0
1076	20190221-009-10x.jpg	0.014	0
1077	20190221-009-10x.jpg	0.002	0
1078	20190221-009-10x.jpg	0.101	0
1079	20190221-009-10x.jpg	0.002	0
1080	20190221-009-10x.jpg	10.937	0
1081	20190221-009-10x.jpg	1.871	0
1082	20190221-009-10x.jpg	0.002	0
1083	20190221-009-10x.jpg	4.006	0
1084	20190221-009-10x.jpg	0.007	0
1085	20190221-009-10x.jpg	0.482	0
1086	20190221-009-10x.jpg	0.005	0
1087	20190221-009-10x.jpg	0.002	0
1088	20190221-009-10x.jpg	0.002	0
1089	20190221-009-10x.jpg	0.002	0
1090	20190221-009-10x.jpg	0.005	0
1091	20190221-009-10x.jpg	0.005	0
1092	20190221-009-10x.jpg	0.005	0
1093	20190221-009-10x.jpg	0.055	0
1094	20190221-009-10x.jpg	2.528	0
1095	20190221-009-10x.jpg	0.007	0
1096	20190221-009-10x.jpg	0.024	0
1097	20190221-009-10x.jpg	0.026	0
1098	20190221-009-10x.jpg	0.034	0
1099	20190221-009-10x.jpg	0.407	0
1100	20190221-009-10x.jpg	0.002	0
1101	20190221-009-10x.jpg	0.005	0
1102	20190221-009-10x.jpg	0.002	0
1103	20190221-009-10x.jpg	0.002	0
1104	20190221-009-10x.jpg	0.007	0
1105	20190221-009-10x.jpg	0.012	0
1106	20190221-009-10x.jpg	3.045	0
1107	20190221-009-10x.jpg	0.084	0
1108	20190221-009-10x.jpg	12.765	0
1109	20190221-009-10x.jpg	14.136	0
1110	20190221-009-10x.jpg	0.007	0
1111	20190221-009-10x.jpg	0.002	0
1112	20190221-009-10x.jpg	0.007	0
1113	20190221-009-10x.jpg	0.005	0
1114	20190221-009-10x.jpg	0.002	0
1115	20190221-009-10x.jpg	0.002	0
1116	20190221-009-10x.jpg	2.322	0
1117	20190221-009-10x.jpg	0.002	0
1118	20190221-009-10x.jpg	0.882	0
1119	20190221-009-10x.jpg	0.007	0
1120	20190221-009-10x.jpg	0.022	0
1121	20190221-009-10x.jpg	0.002	0
1122	20190221-009-10x.jpg	0.002	0
1123	20190221-009-10x.jpg	0.012	0
1124	20190221-009-10x.jpg	0.005	0
1125	20190221-009-10x.jpg	0.002	0
1126	20190221-009-10x.jpg	1.246	0
1127	20190221-009-10x.jpg	0.002	0
1128	20190221-009-10x.jpg	1.754	0
1129	20190221-009-10x.jpg	1.612	0
1130	20190221-009-10x.jpg	0.297	0
1131	20190221-009-10x.jpg	15.187	0
1132	20190221-009-10x.jpg	0.026	0
1133	20190221-009-10x.jpg	0.436	0
1134	20190221-009-10x.jpg	0.002	0
1135	20190221-009-10x.jpg	0.002	0
1136	20190221-009-10x.jpg	10.000	0
1137	20190221-009-10x.jpg	0.002	0
1138	20190221-009-10x.jpg	2.039	0
1139	20190221-009-10x.jpg	0.156	0
1140	20190221-009-10x.jpg	0.005	0
1141	20190221-009-10x.jpg	2.130	0
1142	20190221-009-10x.jpg	0.012	0
1143	20190221-009-10x.jpg	12.351	0
1144	20190221-009-10x.jpg	8.719	0
1145	20190221-009-10x.jpg	0.017	0
1146	20190221-009-10x.jpg	0.017	0
1147	20190221-009-10x.jpg	3.440	0
1148	20190221-009-10x.jpg	0.005	0
1149	20190221-009-10x.jpg	0.005	0
1150	20190221-009-10x.jpg	0.975	0
1151	20190221-009-10x.jpg	0.002	0
1152	20190221-009-10x.jpg	11.423	0
1153	20190221-009-10x.jpg	17.964	0
1154	20190221-009-10x.jpg	0.036	0
1155	20190221-009-10x.jpg	1.181	0
1156	20190221-009-10x.jpg	0.091	0
1157	20190221-009-10x.jpg	0.019	0
1158	20190221-009-10x.jpg	0.781	0
1159	20190221-009-10x.jpg	0.002	0
1160	20190221-009-10x.jpg	2.856	0
1161	20190221-009-10x.jpg	0.010	0
1162	20190221-009-10x.jpg	2.688	0
1163	20190221-009-10x.jpg	0.002	0
1164	20190221-009-10x.jpg	0.002	0
1165	20190221-009-10x.jpg	0.069	0
1166	20190221-009-10x.jpg	0.002	0
1167	20190221-009-10x.jpg	0.007	0
1168	20190221-009-10x.jpg	3.409	0
1169	20190221-009-10x.jpg	0.113	0
1170	20190221-009-10x.jpg	0.012	0
1171	20190221-009-10x.jpg	0.230	0
1172	20190221-009-10x.jpg	0.007	0
1173	20190221-009-10x.jpg	0.002	0
1174	20190221-009-10x.jpg	12.569	0
1175	20190221-009-10x.jpg	0.062	0
1176	20190221-009-10x.jpg	0.002	0
1177	20190221-009-10x.jpg	0.005	0
1178	20190221-009-10x.jpg	0.060	0
1179	20190221-009-10x.jpg	0.024	0
1180	20190221-009-10x.jpg	0.005	0
1181	20190221-009-10x.jpg	0.113	0
1182	20190221-009-10x.jpg	0.002	0
1183	20190221-009-10x.jpg	0.002	0
1184	20190221-009-10x.jpg	0.002	0
1185	20190221-009-10x.jpg	12.480	0
1186	20190221-009-10x.jpg	0.002	0
1187	20190221-009-10x.jpg	0.002	0
1188	20190221-009-10x.jpg	0.002	0
1189	20190221-009-10x.jpg	0.002	0
1190	20190221-009-10x.jpg	0.005	0
1191	20190221-009-10x.jpg	0.108	0
1192	20190221-009-10x.jpg	0.002	0
1193	20190221-009-10x.jpg	0.002	0
1194	20190221-009-10x.jpg	0.091	0
1195	20190221-009-10x.jpg	0.127	0
1196	20190221-009-10x.jpg	0.235	0
1197	20190221-009-10x.jpg	0.002	0
1198	20190221-009-10x.jpg	0.002	0
1199	20190221-009-10x.jpg	1.045	0
1200	20190221-009-10x.jpg	0.582	0
1201	20190221-009-10x.jpg	0.010	0
1202	20190221-009-10x.jpg	0.010	0
1203	20190221-009-10x.jpg	0.173	0
1204	20190221-009-10x.jpg	0.005	0
1205	20190221-009-10x.jpg	0.029	0
1206	20190221-009-10x.jpg	0.007	0
1207	20190221-009-10x.jpg	16.632	0
1208	20190221-009-10x.jpg	0.005	0
1209	20190221-009-10x.jpg	0.002	0
1210	20190221-009-10x.jpg	0.005	0
1211	20190221-009-10x.jpg	3.532	0
1212	20190221-009-10x.jpg	7.053	0
1213	20190221-009-10x.jpg	0.007	0
1214	20190221-009-10x.jpg	0.046	0
1215	20190221-009-10x.jpg	11.915	0
1216	20190221-009-10x.jpg	0.014	0
1217	20190221-009-10x.jpg	0.007	0
1218	20190221-009-10x.jpg	0.002	0
1219	20190221-009-10x.jpg	0.307	0
1220	20190221-009-10x.jpg	0.014	0
1221	20190221-009-10x.jpg	0.002	0
1222	20190221-009-10x.jpg	13.985	0
1223	20190221-009-10x.jpg	0.002	0
1224	20190221-009-10x.jpg	0.048	0
1225	20190221-009-10x.jpg	8.069	0
1226	20190221-009-10x.jpg	0.074	0
1227	20190221-009-10x.jpg	0.002	0
1228	20190221-009-10x.jpg	0.026	0
1229	20190221-009-10x.jpg	6.809	0
1230	20190221-009-10x.jpg	0.019	0
1231	20190221-009-10x.jpg	0.007	0
1232	20190221-009-10x.jpg	0.266	0
1233	20190221-009-10x.jpg	8.666	0
1234	20190221-009-10x.jpg	0.002	0
1235	20190221-009-10x.jpg	10.020	0
1236	20190221-009-10x.jpg	9.346	0
1237	20190221-009-10x.jpg	15.518	0
1238	20190221-009-10x.jpg	0.244	0
1239	20190221-009-10x.jpg	8.680	0
1240	20190221-009-10x.jpg	0.192	0
1241	20190221-009-10x.jpg	0.980	0
1242	20190221-009-10x.jpg	14.833	0
1243	20190221-009-10x.jpg	0.002	0
1244	20190221-009-10x.jpg	0.062	0
1245	20190221-009-10x.jpg	0.012	0
1246	20190221-009-10x.jpg	0.002	0
1247	20190221-009-10x.jpg	0.029	0
1248	20190221-009-10x.jpg	0.005	0
1249	20190221-009-10x.jpg	0.005	0
1250	20190221-009-10x.jpg	0.017	0
1251	20190221-009-10x.jpg	9.555	0
1252	20190221-009-10x.jpg	1.476	0
1253	20190221-009-10x.jpg	0.101	0
1254	20190221-009-10x.jpg	0.002	0
1255	20190221-009-10x.jpg	0.007	0
1256	20190221-009-10x.jpg	0.002	0
1257	20190221-009-10x.jpg	0.525	0
1258	20190221-009-10x.jpg	0.002	0
1259	20190221-009-10x.jpg	0.053	0
1260	20190221-009-10x.jpg	1.785	0
1261	20190221-009-10x.jpg	0.024	0
1262	20190221-009-10x.jpg	0.074	0
1263	20190221-009-10x.jpg	0.005	0
1264	20190221-009-10x.jpg	15.645	0
1265	20190221-009-10x.jpg	20.906	0
1266	20190221-009-10x.jpg	0.036	0
1267	20190221-009-10x.jpg	0.041	0
1268	20190221-009-10x.jpg	0.014	0
1269	20190221-009-10x.jpg	0.199	0
1270	20190221-009-10x.jpg	0.038	0
1271	20190221-009-10x.jpg	0.628	0
1272	20190221-009-10x.jpg	0.007	0
1273	20190221-009-10x.jpg	0.002	0
1274	20190221-009-10x.jpg	0.328	0
1275	20190221-009-10x.jpg	0.010	0
1276	20190221-009-10x.jpg	0.721	0
1277	20190221-009-10x.jpg	0.029	0
1278	20190221-009-10x.jpg	0.323	0
1279	20190221-009-10x.jpg	0.597	0
1280	20190221-009-10x.jpg	2.286	0
1281	20190221-009-10x.jpg	0.005	0
1282	20190221-009-10x.jpg	0.002	0
1283	20190221-009-10x.jpg	0.010	0
1284	20190221-009-10x.jpg	0.062	0
1285	20190221-009-10x.jpg	0.017	0
1286	20190221-009-10x.jpg	0.002	0
1287	20190221-009-10x.jpg	0.029	0
1288	20190221-009-10x.jpg	0.043	0
1289	20190221-009-10x.jpg	8.096	0
1290	20190221-009-10x.jpg	0.029	0
1291	20190221-009-10x.jpg	0.062	0
1292	20190221-009-10x.jpg	0.002	0
1293	20190221-009-10x.jpg	15.856	0
1294	20190221-009-10x.jpg	11.797	0
1295	20190221-009-10x.jpg	7.492	0
1296	20190221-009-10x.jpg	2.559	0
1297	20190221-009-10x.jpg	0.007	0
1298	20190221-009-10x.jpg	5.489	0
1299	20190221-009-10x.jpg	0.002	0
1300	20190221-009-10x.jpg	0.060	0
1301	20190221-009-10x.jpg	0.829	0
1302	20190221-009-10x.jpg	0.211	0
1303	20190221-009-10x.jpg	0.002	0
1304	20190221-009-10x.jpg	0.156	0
1305	20190221-009-10x.jpg	0.002	0
1306	20190221-009-10x.jpg	0.002	0
1307	20190221-009-10x.jpg	1.193	0
1308	20190221-009-10x.jpg	0.874	0
1309	20190221-009-10x.jpg	0.628	0
1310	20190221-009-10x.jpg	0.005	0
1311	20190221-009-10x.jpg	0.002	0
1312	20190221-009-10x.jpg	0.771	0
1313	20190221-009-10x.jpg	0.012	0
1314	20190221-009-10x.jpg	8.251	0
1315	20190221-009-10x.jpg	0.379	0
1316	20190221-009-10x.jpg	0.364	0
1317	20190221-009-10x.jpg	0.022	0
1318	20190221-009-10x.jpg	0.889	0
1319	20190221-009-10x.jpg	0.002	0
1320	20190221-009-10x.jpg	0.002	0
1321	20190221-009-10x.jpg	0.285	0
1322	20190221-009-10x.jpg	7.396	0
1323	20190221-009-10x.jpg	0.002	0
1324	20190221-009-10x.jpg	0.005	0
1325	20190221-009-10x.jpg	1.514	0
1326	20190221-009-10x.jpg	0.791	0
1327	20190221-009-10x.jpg	0.005	0
1328	20190221-009-10x.jpg	11.831	0
1329	20190221-009-10x.jpg	0.069	0
1330	20190221-009-10x.jpg	0.024	0
1331	20190221-009-10x.jpg	0.218	0
1332	20190221-009-10x.jpg	0.002	0
1333	20190221-009-10x.jpg	0.002	0
1334	20190221-009-10x.jpg	0.002	0
1335	20190221-009-10x.jpg	3.242	0
1336	20190221-009-10x.jpg	0.534	0
1337	20190221-009-10x.jpg	0.005	0
1338	20190221-009-10x.jpg	2.140	0
1339	20190221-009-10x.jpg	0.034	0
1340	20190221-009-10x.jpg	0.002	0
1341	20190221-009-10x.jpg	0.002	0
1342	20190221-009-10x.jpg	0.982	0
1343	20190221-009-10x.jpg	0.005	0
1344	20190221-009-10x.jpg	0.007	0
1345	20190221-009-10x.jpg	0.010	0
